1.077772e-04
-1.394704e-05
-8.137591e-06
-1.473738e-05
-8.808040e-06
-7.189718e-06
-6.782070e-06
-6.407960e-06
-6.826315e-06
-5.903439e-06
-7.545318e-06
1.938530e-06
-3.127731e-06
1.887204e-06
-4.780886e-06
-2.755591e-06
1.389377e-06
6.725220e-07
9.617737e-07
5.734428e-07
-2.426402e-06
3.133906e-06
-1.684153e-06
3.257699e-07
2.001133e-06
3.252032e-06
-1.760005e-06
8.523492e-07
-1.505220e-06
3.487233e-06
2.101210e-06
1.092431e-06
-6.274321e-07
-3.194776e-07
-1.834694e-06
8.387738e-07
1.048613e-06
2.402342e-06
1.926150e-06
8.706271e-07
2.309913e-06
2.442996e-06
-1.309559e-06
-1.395510e-06
-5.621877e-07
1.004730e-06
1.248068e-08
-2.108532e-06
-4.905753e-08
3.660539e-07
-4.844035e-08
-9.935795e-08
-4.421418e-07
1.513950e-06
-3.106280e-07
2.565042e-07
-4.151746e-07
-6.254512e-08
1.960522e-07
6.730603e-07
1.621686e-07
5.523611e-07
-8.539898e-08
-1.847707e-06
1.714768e-06
-2.785638e-06
3.150494e-06
-2.208779e-06
-1.515844e-06
-2.284691e-06
-1.394704e-05
9.752277e-05
-6.732338e-08
-9.394469e-06
-1.262747e-05
-6.955119e-06
3.314653e-09
-4.507122e-07
-2.263079e-06
-9.631916e-06
3.409418e-06
-3.775409e-06
3.182321e-06
-3.386228e-06
-8.259232e-07
-1.639005e-06
-1.508043e-06
1.192780e-06
1.853632e-06
1.558500e-06
-4.552134e-06
-6.727392e-07
2.009473e-06
1.274329e-07
3.632128e-06
6.655510e-07
1.815295e-06
1.433429e-06
1.825067e-06
4.663652e-06
1.657855e-06
-7.966410e-07
2.227159e-06
-4.920422e-07
6.497985e-07
3.002710e-06
-3.867023e-07
3.218288e-07
8.665417e-07
1.658825e-06
5.575002e-07
8.771813e-07
1.377527e-06
2.069823e-06
-2.931061e-07
3.745406e-07
7.043470e-07
1.042051e-07
5.978184e-07
1.344716e-06
3.915016e-07
4.600540e-07
9.342414e-07
5.873543e-07
-3.376234e-07
7.264022e-07
7.570245e-07
6.940813e-07
2.067390e-07
6.560518e-07
1.398088e-06
-4.490042e-07
1.098071e-06
1.421653e-06
1.196846e-06
1.206725e-06
-4.944353e-07
-1.185657e-06
1.903744e-06
-9.968966e-07
-8.137591e-06
-6.732338e-08
9.344737e-05
-9.063389e-06
-7.634809e-06
-1.089612e-05
-3.596462e-07
-1.452043e-05
-3.340206e-06
-7.130907e-06
-9.406216e-07
2.580132e-07
-3.160069e-06
-3.919378e-06
-9.538529e-07
-2.287406e-06
1.244040e-06
1.925237e-06
-1.176475e-07
-1.962949e-06
3.113599e-06
3.524535e-06
3.427838e-06
2.961482e-06
-2.968730e-06
-6.849905e-07
-4.447695e-06
4.220737e-07
1.555014e-06
1.661514e-06
1.507072e-06
4.276359e-07
8.825148e-07
-3.367978e-08
1.539292e-06
2.724545e-06
1.122205e-06
-4.710123e-08
1.998774e-06
-5.507914e-07
-5.092108e-07
-1.770593e-07
7.212350e-07
7.464390e-07
4.702325e-07
-4.592324e-07
9.992368e-08
4.785286e-07
8.215255e-07
1.000678e-07
1.425105e-06
5.233038e-07
5.621168e-07
-6.113392e-07
5.140897e-07
7.487610e-07
3.626539e-07
-3.477958e-07
4.817559e-07
6.846073e-07
3.531944e-07
-4.834331e-07
1.140164e-06
1.132840e-06
-8.019460e-07
8.051913e-07
-7.938740e-07
3.560400e-06
3.519744e-06
-8.394689e-07
-1.473738e-05
-9.394469e-06
-9.063389e-06
8.881418e-05
-2.586397e-06
-7.357038e-06
-6.254671e-06
5.524347e-06
-5.973566e-06
3.716050e-06
-9.258310e-06
3.771582e-06
-8.456879e-06
-2.181361e-06
-6.884957e-07
5.781732e-07
-4.352498e-06
6.348690e-07
1.391327e-06
1.515515e-06
-1.088812e-07
-2.204415e-06
1.040136e-06
-4.068611e-06
5.314069e-07
-9.773596e-07
-4.734907e-07
1.157162e-06
-3.229146e-07
3.488867e-06
3.648249e-07
-3.655365e-07
-9.044948e-07
3.120913e-06
1.819794e-06
1.372477e-06
1.423721e-06
8.748630e-07
-8.411105e-07
-1.523088e-08
-2.825080e-07
1.423963e-06
-3.560573e-08
1.100344e-06
1.234016e-06
-5.049144e-07
-5.779007e-08
2.276959e-06
7.250268e-07
6.119499e-08
-9.259622e-07
-6.763630e-07
1.552238e-06
1.428379e-07
-5.753453e-08
1.555067e-07
1.155682e-06
6.701775e-07
4.372800e-07
-5.988754e-07
-4.723637e-07
1.777391e-06
3.126959e-07
-1.231694e-06
2.120209e-06
-2.394022e-06
-6.011996e-07
-6.209095e-07
4.546953e-06
4.239360e-06
-8.808040e-06
-1.262747e-05
-7.634809e-06
-2.586397e-06
7.100292e-05
-3.783606e-06
-4.676821e-06
-1.638427e-06
-3.483500e-06
2.846779e-06
2.593570e-06
-5.904167e-06
-7.674369e-07
-3.027571e-06
1.989981e-06
-1.431484e-06
-3.762953e-06
-6.150785e-06
1.566189e-06
8.761809e-07
-3.121717e-06
-2.335838e-06
1.062020e-06
7.527031e-07
2.478516e-06
5.969833e-07
-7.276248e-07
-2.988080e-07
1.995701e-06
1.074805e-08
2.980936e-06
-3.216840e-07
-6.151402e-08
3.272651e-07
9.666220e-07
-4.294150e-07
2.270737e-06
7.177806e-07
7.270237e-07
-8.790719e-07
-1.304838e-07
-1.237886e-06
1.025290e-06
-1.632659e-07
8.504410e-08
7.888959e-07
-2.279962e-08
1.836698e-07
-2.470373e-08
5.876411e-07
3.407240e-07
-4.175260e-07
7.432001e-08
-7.050800e-07
3.243041e-07
1.995862e-07
6.081275e-07
5.590769e-07
9.815422e-09
-2.609320e-07
-1.359274e-07
1.147153e-06
-1.185741e-06
-1.830821e-07
7.708038e-07
-4.361998e-07
-9.758700e-07
-7.398712e-07
3.906505e-07
-2.126912e-06
-7.189718e-06
-6.955119e-06
-1.089612e-05
-7.357038e-06
-3.783606e-06
7.839103e-05
4.392329e-06
9.480205e-07
-4.432151e-06
1.444247e-06
-4.044051e-06
-6.343861e-06
-5.590475e-06
-4.490008e-06
1.395940e-06
1.723340e-06
-1.066885e-06
1.242733e-06
2.095958e-06
1.721954e-06
2.145973e-06
2.312830e-06
-4.594652e-07
-1.762511e-06
-1.100782e-06
3.664410e-06
6.060704e-07
6.251867e-07
-1.460611e-06
-6.764435e-07
-6.983452e-07
1.922061e-06
3.021797e-07
1.210590e-07
2.829714e-07
1.418673e-06
-1.072099e-06
7.730793e-07
2.595908e-06
5.526432e-07
2.010015e-06
2.279203e-06
1.595582e-06
3.553594e-07
-9.377908e-08
2.470723e-06
9.544396e-07
-8.370306e-07
4.079454e-07
8.420781e-07
5.737157e-07
1.592109e-07
-6.119148e-07
-9.149513e-07
-3.972603e-08
7.671501e-07
2.057385e-07
9.953283e-07
4.373438e-07
4.697345e-07
2.523534e-07
1.090224e-06
-1.488465e-06
1.199476e-06
2.515977e-06
1.140472e-06
2.461520e-06
-2.832514e-06
6.782279e-07
-1.323435e-06
-6.782070e-06
3.314653e-09
-3.596462e-07
-6.254671e-06
-4.676821e-06
4.392329e-06
8.662456e-05
-1.051497e-05
-1.029666e-06
-3.467614e-06
-4.830180e-06
-9.175833e-06
-4.849289e-06
1.702651e-07
-6.830650e-06
-1.769337e-06
-1.900715e-06
-2.432076e-06
-7.673597e-07
-1.731542e-06
5.242286e-06
1.372941e-06
-6.887683e-07
2.621038e-06
-4.221464e-07
1.329367e-06
-3.110553e-07
3.581291e-06
-9.373525e-07
3.809207e-07
1.557787e-06
1.557496e-06
-4.906056e-07
1.708064e-06
7.585370e-07
1.615305e-06
3.699014e-07
1.051785e-06
1.313741e-06
8.833643e-07
9.127830e-07
-1.183777e-06
-1.017780e-06
2.705973e-07
5.696827e-07
-5.945095e-07
1.269552e-06
-2.636391e-07
1.132320e-06
-2.299053e-07
6.992932e-07
6.097198e-07
2.704445e-07
7.334466e-07
-4.040171e-07
1.197471e-06
-1.191434e-07
1.829992e-07
-6.304368e-08
-4.436942e-07
1.978740e-07
2.603849e-07
-3.260079e-07
6.158532e-07
-5.280896e-07
3.504198e-06
1.183409e-06
1.303788e-06
-1.450982e-07
-2.535202e-06
-6.407960e-06
-4.507122e-07
-1.452043e-05
5.524347e-06
-1.638427e-06
9.480205e-07
-1.051497e-05
6.655722e-05
9.695100e-07
-8.520267e-06
-1.054648e-05
2.734568e-06
1.214826e-06
4.043115e-06
-3.190525e-06
8.216150e-09
-1.556511e-06
-6.655865e-06
2.942594e-06
-1.867880e-06
-1.336150e-06
-1.913710e-07
1.812242e-06
2.211264e-06
2.252501e-06
1.568663e-06
1.114961e-06
-1.196927e-06
1.956195e-06
-2.018928e-06
-5.226931e-07
3.095178e-06
5.520183e-07
-2.303162e-07
1.237337e-06
-5.506641e-07
1.282328e-06
3.639520e-08
1.340919e-06
1.167353e-06
6.922375e-07
3.630020e-07
8.683448e-07
2.697506e-07
2.015962e-06
5.325380e-07
1.407734e-06
9.479133e-07
8.085384e-07
-8.310702e-07
-7.356699e-07
6.689186e-08
2.385886e-07
-5.798358e-07
5.256651e-07
2.189587e-07
5.503683e-07
3.396537e-07
5.497019e-07
4.111843e-07
8.122226e-07
-4.822397e-07
3.387083e-07
3.654715e-07
2.074735e-06
1.565925e-06
-1.472727e-06
-5.042378e-06
9.900853e-07
-6.663386e-07
-6.826315e-06
-2.263079e-06
-3.340206e-06
-5.973566e-06
-3.483500e-06
-4.432151e-06
-1.029666e-06
9.695100e-07
5.997836e-05
-6.138553e-07
1.232327e-06
-3.309329e-06
-4.720494e-06
-6.416972e-06
-1.921654e-06
-3.155802e-06
-1.066591e-06
-7.559122e-06
2.358506e-07
-2.226748e-06
1.966188e-06
-2.897653e-06
1.419765e-06
1.588490e-06
2.811976e-06
2.653107e-06
2.438997e-06
3.193216e-07
3.153137e-06
4.876596e-07
-4.262074e-07
-5.783336e-08
-3.735495e-07
2.885230e-07
1.277375e-06
-7.590335e-07
-5.622845e-07
8.938493e-07
-6.278247e-07
1.003439e-06
-7.103305e-07
1.419478e-06
-1.615359e-07
4.511015e-07
1.171522e-06
-2.681397e-07
-4.387011e-08
1.497933e-06
-1.179434e-06
7.548709e-07
-5.912030e-07
7.215786e-07
2.934795e-07
8.362323e-07
8.750755e-07
3.444851e-07
-4.299098e-07
3.316284e-08
4.405497e-07
9.252163e-07
2.568756e-08
-4.235145e-07
-5.451992e-07
6.111719e-07
-6.560723e-07
-3.343092e-08
-1.885853e-06
4.274277e-07
5.363588e-07
3.096783e-06
-5.903439e-06
-9.631916e-06
-7.130907e-06
3.716050e-06
2.846779e-06
1.444247e-06
-3.467614e-06
-8.520267e-06
-6.138553e-07
7.349636e-05
-6.769057e-06
-1.867226e-06
1.253204e-06
-4.001401e-06
-2.658370e-06
3.237145e-07
-4.064431e-06
-2.131375e-06
-2.160499e-06
-9.444568e-07
3.875203e-07
-1.446002e-06
2.712638e-06
-3.865386e-06
-1.366474e-08
-7.982519e-07
-1.597208e-06
-7.346943e-08
6.666498e-07
1.472948e-07
1.005907e-06
9.847032e-07
1.472513e-06
3.736878e-07
5.697886e-07
7.524672e-07
-1.373567e-06
6.143344e-07
5.726957e-07
1.566491e-06
5.706726e-07
6.544601e-07
1.037075e-06
8.815820e-07
4.233875e-07
3.959624e-07
-8.558492e-08
-1.046558e-06
-5.410309e-08
-4.568473e-07
9.548932e-08
3.870436e-07
6.707508e-09
4.492893e-07
1.318105e-06
5.805775e-07
5.061648e-07
3.150910e-07
4.598340e-07
1.151160e-07
2.617406e-07
-8.466256e-07
-4.939940e-07
4.874495e-07
-4.891510e-07
-1.574817e-06
7.815980e-07
3.336420e-07
2.047209e-06
1.190240e-06
-7.545318e-06
3.409418e-06
-9.406216e-07
-9.258310e-06
2.593570e-06
-4.044051e-06
-4.830180e-06
-1.054648e-05
1.232327e-06
-6.769057e-06
7.734963e-05
1.623099e-06
4.458963e-06
4.838854e-06
-1.913047e-06
1.353555e-06
1.130597e-06
-5.216583e-07
1.116453e-06
-3.117756e-06
-4.986746e-06
-3.048714e-06
-1.213622e-06
7.378696e-08
7.652653e-07
-2.121710e-06
2.459593e-06
-2.827319e-06
-1.178509e-06
-1.846594e-06
7.310587e-07
2.387367e-06
2.633025e-06
2.634873e-06
1.257341e-06
1.363533e-06
2.476323e-07
1.014900e-06
-1.114602e-07
9.409676e-07
8.252260e-07
-1.415316e-06
1.602493e-06
1.053746e-06
-8.008714e-07
5.172420e-07
-3.216464e-07
1.173883e-06
5.006099e-07
5.464560e-07
1.088486e-06
6.537794e-07
-2.355884e-07
-1.188772e-07
-1.363365e-07
2.031909e-07
-1.948755e-07
2.563615e-07
-4.134544e-07
-5.625133e-07
7.165387e-07
-2.607231e-07
1.975945e-06
1.115591e-07
6.217095e-07
4.257466e-07
-1.266471e-06
1.156357e-06
-1.684372e-06
3.470533e-06
1.938530e-06
-3.775409e-06
2.580132e-07
3.771582e-06
-5.904167e-06
-6.343861e-06
-9.175833e-06
2.734568e-06
-3.309329e-06
-1.867226e-06
1.623099e-06
5.744958e-05
-4.396712e-06
-8.771591e-07
3.201316e-06
-3.965683e-06
-4.564973e-06
7.230916e-07
-4.292718e-06
5.174245e-08
1.169792e-06
-2.071216e-06
2.969300e-07
8.799515e-07
-3.820037e-06
2.724790e-06
1.330476e-06
-7.605336e-07
-7.802103e-07
1.002511e-06
-9.044876e-07
-5.661385e-07
2.450195e-06
1.744249e-06
1.472367e-06
-2.166932e-07
1.572598e-07
3.630635e-07
-2.429195e-08
-9.375019e-07
-3.304168e-07
9.445154e-07
2.545293e-07
1.197927e-06
-3.975240e-07
-2.948401e-07
1.446629e-06
1.559667e-06
1.469814e-06
3.829627e-07
-3.825923e-07
1.077097e-07
1.078019e-06
-7.929338e-07
7.264467e-07
-6.282442e-07
1.265838e-07
-3.118757e-07
-1.767396e-08
-1.628734e-07
2.822425e-07
4.664361e-07
-2.096750e-07
1.178138e-06
7.402774e-07
7.672914e-07
-2.352997e-06
-1.132469e-06
-1.629057e-06
3.423527e-06
-3.127731e-06
3.182321e-06
-3.160069e-06
-8.456879e-06
-7.674369e-07
-5.590475e-06
-4.849289e-06
1.214826e-06
-4.720494e-06
1.253204e-06
4.458963e-06
-4.396712e-06
6.385264e-05
9.495433e-07
-1.095102e-06
-2.868898e-06
3.475698e-06
7.560560e-07
-4.319527e-06
-9.643351e-08
1.634590e-06
3.306966e-07
-2.669371e-06
-1.474636e-06
-9.175703e-07
-2.294600e-07
1.483793e-07
5.689418e-07
-2.399963e-06
6.166300e-07
1.666386e-06
1.172496e-06
-3.341626e-07
-1.039496e-07
9.542058e-07
5.923238e-07
9.938256e-07
8.916305e-07
-5.900385e-08
9.684134e-07
-6.176854e-07
7.892571e-08
1.890499e-06
1.557754e-06
-1.328393e-06
-3.364188e-07
5.440629e-07
-1.872770e-07
6.275981e-07
1.023860e-06
8.541771e-07
-8.641321e-07
-3.463861e-07
-1.503923e-07
-2.675799e-07
8.573802e-07
-7.426466e-07
-1.878304e-07
2.276543e-07
1.228844e-07
3.720728e-07
-3.167522e-08
4.326547e-07
-1.450689e-06
-7.183429e-07
-2.013017e-06
1.538714e-06
4.567459e-06
2.369426e-07
-3.607318e-07
1.887204e-06
-3.386228e-06
-3.919378e-06
-2.181361e-06
-3.027571e-06
-4.490008e-06
1.702651e-07
4.043115e-06
-6.416972e-06
-4.001401e-06
4.838854e-06
-8.771591e-07
9.495433e-07
5.870828e-05
1.503014e-06
-5.929095e-06
3.357081e-07
-2.161752e-06
-1.091670e-06
-1.529220e-06
-1.956036e-06
1.874122e-06
-6.081017e-07
3.931795e-07
-4.596185e-06
-6.288249e-07
2.248661e-06
-2.957132e-06
6.514065e-07
7.891697e-07
-4.681878e-07
-7.518709e-08
2.985794e-06
9.311149e-08
3.224173e-07
1.239643e-06
1.026994e-08
1.925128e-07
1.104297e-06
-5.515799e-07
1.456549e-06
2.516153e-07
1.709473e-07
5.727207e-07
9.200863e-07
1.416728e-07
1.042472e-07
9.628202e-07
6.016035e-07
8.822903e-07
-6.078340e-07
-1.951609e-07
1.136105e-07
2.981752e-07
3.334431e-07
-6.648211e-09
-7.255292e-07
9.338935e-07
2.336518e-07
8.377940e-07
-6.793042e-07
4.989520e-07
7.768821e-07
3.079908e-07
3.069067e-07
-2.122001e-06
1.166762e-06
1.122828e-06
2.794956e-06
-3.483048e-06
-4.780886e-06
-8.259232e-07
-9.538529e-07
-6.884957e-07
1.989981e-06
1.395940e-06
-6.830650e-06
-3.190525e-06
-1.921654e-06
-2.658370e-06
-1.913047e-06
3.201316e-06
-1.095102e-06
1.503014e-06
6.359314e-05
-8.789415e-06
-1.744504e-06
-1.053741e-07
1.546115e-06
4.521062e-07
1.980835e-06
-1.300798e-06
-3.410353e-06
-2.461895e-06
-2.053004e-06
-1.463261e-06
7.153741e-07
2.242478e-06
1.137526e-06
-2.721409e-07
1.013023e-06
6.553554e-07
-1.121807e-07
-1.426245e-06
4.164529e-07
-7.889966e-07
4.154431e-07
1.271538e-06
-2.004975e-07
-3.948739e-07
-4.721696e-07
2.694572e-06
-4.067738e-07
1.484190e-06
-1.964195e-07
9.786435e-07
7.055721e-08
3.716606e-07
-5.030675e-07
7.994597e-08
-4.321894e-07
3.850357e-07
4.200900e-08
8.160022e-07
-4.498875e-09
8.429924e-07
4.440912e-07
8.418871e-07
-1.037430e-07
-2.714297e-07
-4.050449e-07
-1.080847e-07
2.913216e-07
1.182240e-06
1.463827e-07
1.195557e-06
1.381510e-07
-5.243026e-07
2.781677e-06
1.655827e-06
-2.755591e-06
-1.639005e-06
-2.287406e-06
5.781732e-07
-1.431484e-06
1.723340e-06
-1.769337e-06
8.216150e-09
-3.155802e-06
3.237145e-07
1.353555e-06
-3.965683e-06
-2.868898e-06
-5.929095e-06
-8.789415e-06
4.942564e-05
-4.589564e-06
8.890126e-07
-2.394061e-06
-1.468380e-06
1.545989e-07
1.058946e-06
-4.572163e-07
-1.922080e-06
-7.814620e-07
-3.813273e-07
2.401773e-07
2.485226e-06
-2.997295e-07
-1.587542e-06
7.296937e-08
-4.150280e-07
2.487905e-06
-9.993203e-07
6.527971e-07
7.226714e-07
2.229050e-06
-4.696541e-07
3.780510e-07
5.712584e-07
2.761521e-07
-8.463591e-07
1.132207e-06
5.101849e-07
1.159304e-06
1.440945e-06
2.572319e-07
-2.639572e-07
1.056806e-07
3.626021e-07
4.242774e-08
3.190130e-07
3.608686e-07
9.298892e-07
5.057465e-07
-3.556203e-07
4.607583e-09
-3.421299e-07
3.780185e-07
4.254428e-08
4.740152e-07
6.374259e-07
2.942575e-07
2.638691e-07
1.019959e-06
-4.979322e-07
-1.135297e-07
1.759642e-06
-6.464790e-07
-8.255778e-07
1.389377e-06
-1.508043e-06
1.244040e-06
-4.352498e-06
-3.762953e-06
-1.066885e-06
-1.900715e-06
-1.556511e-06
-1.066591e-06
-4.064431e-06
1.130597e-06
-4.564973e-06
3.475698e-06
3.357081e-07
-1.744504e-06
-4.589564e-06
5.343264e-05
1.300271e-06
-2.087869e-06
-9.539363e-07
-1.486306e-06
-1.365268e-06
-2.339024e-06
1.004673e-06
-6.570583e-07
-1.133768e-06
-7.198103e-07
7.540622e-07
-9.351969e-07
-1.026248e-06
1.630291e-06
5.760721e-07
2.431061e-07
4.488470e-07
4.654219e-07
1.030201e-06
-7.521794e-07
-1.831506e-07
6.098789e-07
1.296843e-06
1.629074e-07
-3.228612e-07
3.353011e-07
4.778881e-07
1.028281e-06
2.826126e-07
7.569184e-07
-4.028075e-08
2.489714e-07
1.737365e-07
6.095597e-07
1.060388e-07
9.976952e-07
-6.905707e-07
-6.781037e-08
2.268654e-07
2.157125e-08
-4.251112e-07
2.552670e-07
5.353492e-07
1.151355e-07
6.773136e-07
-3.167340e-07
-7.288976e-08
-6.822159e-08
-3.521304e-07
9.182216e-07
2.406925e-06
-1.310867e-06
2.158335e-06
6.725220e-07
1.192780e-06
1.925237e-06
6.348690e-07
-6.150785e-06
1.242733e-06
-2.432076e-06
-6.655865e-06
-7.559122e-06
-2.131375e-06
-5.216583e-07
7.230916e-07
7.560560e-07
-2.161752e-06
-1.053741e-07
8.890126e-07
1.300271e-06
4.401358e-05
-3.214397e-06
4.068013e-06
-1.105530e-06
5.862303e-07
-2.754866e-06
-1.093260e-06
-7.180651e-07
-2.908365e-06
-5.041262e-07
-8.290889e-07
-8.030258e-07
-1.546451e-07
-6.504903e-07
2.215060e-06
6.661227e-07
1.879131e-07
-5.942246e-07
-2.569218e-08
1.146824e-06
1.336165e-07
1.514383e-06
5.233536e-08
9.610088e-08
1.330152e-06
1.031202e-06
3.355033e-08
-9.982585e-08
4.822251e-09
5.565858e-07
-1.209077e-08
1.599592e-07
5.561459e-07
9.545104e-07
5.037455e-07
-6.292344e-08
2.468943e-07
-3.571488e-07
7.387424e-07
1.921036e-07
2.534530e-07
3.014771e-07
3.883274e-07
1.105277e-07
-1.442585e-07
1.328297e-06
4.066932e-07
-2.284986e-06
-4.125611e-07
2.236739e-06
3.566841e-06
9.651282e-07
-1.276380e-06
9.617737e-07
1.853632e-06
-1.176475e-07
1.391327e-06
1.566189e-06
2.095958e-06
-7.673597e-07
2.942594e-06
2.358506e-07
-2.160499e-06
1.116453e-06
-4.292718e-06
-4.319527e-06
-1.091670e-06
1.546115e-06
-2.394061e-06
-2.087869e-06
-3.214397e-06
3.976807e-05
-1.782453e-07
-1.441591e-06
-4.044881e-06
4.924107e-07
2.434953e-06
-1.789164e-06
8.324429e-07
-1.496182e-06
-5.593473e-07
-6.575083e-07
1.831070e-06
-9.303063e-08
-8.397066e-07
6.884045e-08
8.264406e-07
5.022574e-07
1.243924e-07
1.100492e-06
1.370056e-07
5.517848e-07
2.614744e-06
4.597721e-07
1.339548e-06
7.379159e-07
-6.764180e-09
1.263183e-07
3.836225e-07
2.070828e-07
5.746319e-07
1.542795e-06
7.603610e-07
7.254839e-07
5.714837e-07
-7.589243e-08
-2.697419e-07
4.740913e-07
-1.393851e-08
1.130795e-06
-5.121983e-08
4.266667e-07
-5.713489e-08
1.768342e-07
8.307189e-07
2.929387e-07
-4.299516e-07
-2.652650e-07
1.999111e-06
1.619201e-06
-1.469808e-06
1.323839e-06
3.099638e-06
5.734428e-07
1.558500e-06
-1.962949e-06
1.515515e-06
8.761809e-07
1.721954e-06
-1.731542e-06
-1.867880e-06
-2.226748e-06
-9.444568e-07
-3.117756e-06
5.174245e-08
-9.643351e-08
-1.529220e-06
4.521062e-07
-1.468380e-06
-9.539363e-07
4.068013e-06
-1.782453e-07
3.479180e-05
-1.525924e-06
-3.892380e-06
-4.729613e-06
-1.058873e-06
2.035497e-06
-1.358939e-06
8.940257e-07
-1.197696e-06
7.587200e-07
1.419250e-06
8.470860e-07
-1.530355e-06
3.253422e-07
5.786727e-07
-1.478472e-06
7.885150e-07
-8.399405e-07
-4.073676e-07
-1.898799e-07
5.110995e-07
1.267556e-06
1.002619e-06
6.532948e-08
6.488385e-07
1.121465e-06
1.179792e-06
5.416662e-07
3.795526e-07
7.387029e-07
1.227290e-06
-5.138319e-07
7.214342e-07
-5.737554e-07
6.410253e-07
1.378358e-06
1.090396e-07
-1.712424e-07
-5.848074e-07
4.895474e-07
1.285643e-07
5.335188e-07
6.057983e-08
1.719013e-06
1.055845e-06
-1.225548e-06
1.174836e-06
1.064318e-07
-1.996779e-06
5.969610e-07
1.920720e-06
-2.426402e-06
-4.552134e-06
3.113599e-06
-1.088812e-07
-3.121717e-06
2.145973e-06
5.242286e-06
-1.336150e-06
1.966188e-06
3.875203e-07
-4.986746e-06
1.169792e-06
1.634590e-06
-1.956036e-06
1.980835e-06
1.545989e-07
-1.486306e-06
-1.105530e-06
-1.441591e-06
-1.525924e-06
3.365382e-05
-1.870866e-07
-1.302202e-06
-6.658418e-07
-1.225405e-06
-1.673831e-06
1.180713e-06
-1.909079e-06
-2.897714e-07
-2.651345e-08
-4.439640e-07
-3.939800e-07
-2.957868e-07
-5.866067e-08
4.262673e-07
-9.744141e-07
8.656285e-07
8.683551e-07
-1.114589e-06
1.110535e-09
6.877413e-07
8.152539e-07
3.317531e-07
9.335582e-07
2.412052e-06
1.179610e-06
8.453430e-07
3.816863e-07
1.115875e-06
-1.170505e-07
1.740991e-07
-4.214559e-10
1.557582e-07
3.767055e-07
1.169274e-07
3.626975e-07
7.421626e-07
5.830617e-08
2.912605e-07
8.074577e-08
5.960689e-07
4.359672e-07
6.813766e-07
1.441513e-06
-1.035546e-08
-7.795062e-07
-4.321922e-07
1.607883e-06
-7.940294e-07
6.111784e-07
3.133906e-06
-6.727392e-07
3.524535e-06
-2.204415e-06
-2.335838e-06
2.312830e-06
1.372941e-06
-1.913710e-07
-2.897653e-06
-1.446002e-06
-3.048714e-06
-2.071216e-06
3.306966e-07
1.874122e-06
-1.300798e-06
1.058946e-06
-1.365268e-06
5.862303e-07
-4.044881e-06
-3.892380e-06
-1.870866e-07
3.487756e-05
-2.156633e-06
1.242432e-06
-3.535132e-07
-1.067844e-06
1.346873e-06
-1.566373e-06
-4.125948e-07
-1.806643e-06
6.141699e-07
-8.301495e-08
6.329698e-07
-7.920264e-07
-9.786836e-07
-2.977976e-07
4.153071e-07
-1.246410e-07
1.183567e-06
1.008172e-06
4.729328e-07
2.268168e-08
1.191635e-06
1.265261e-07
4.659829e-07
8.736616e-07
7.442695e-07
8.221284e-08
8.297093e-08
7.526859e-07
1.029089e-06
2.795642e-08
4.047651e-07
3.766880e-07
4.242960e-07
1.435449e-07
4.219109e-07
1.473225e-07
2.843301e-07
6.724046e-09
-7.841998e-08
6.414255e-07
-1.931643e-07
-8.997786e-07
1.862697e-06
1.152176e-06
1.310034e-06
2.739217e-06
2.185013e-06
-3.417472e-07
-1.684153e-06
2.009473e-06
3.427838e-06
1.040136e-06
1.062020e-06
-4.594652e-07
-6.887683e-07
1.812242e-06
1.419765e-06
2.712638e-06
-1.213622e-06
2.969300e-07
-2.669371e-06
-6.081017e-07
-3.410353e-06
-4.572163e-07
-2.339024e-06
-2.754866e-06
4.924107e-07
-4.729613e-06
-1.302202e-06
-2.156633e-06
2.516690e-05
-1.225085e-06
-2.673003e-07
9.454461e-07
-1.173881e-06
-5.106582e-09
1.355600e-06
-3.354059e-07
6.567253e-08
3.913867e-08
2.218931e-07
-5.603596e-08
1.346200e-06
1.970914e-08
-1.630487e-07
4.519354e-07
2.878157e-07
-4.735616e-07
1.065871e-06
-1.391450e-07
-3.554298e-07
9.109866e-08
2.464492e-07
1.749396e-07
1.271129e-06
8.106242e-07
5.607234e-07
1.164873e-06
5.956690e-07
4.894067e-07
3.412543e-07
9.315654e-07
8.984591e-07
1.428367e-08
7.574551e-07
6.095857e-07
5.718770e-07
9.658493e-08
3.856685e-08
1.176202e-07
4.012130e-08
1.611629e-06
-1.657806e-07
1.637416e-06
2.155178e-08
6.175129e-07
2.462520e-06
3.683962e-06
3.257699e-07
1.274329e-07
2.961482e-06
-4.068611e-06
7.527031e-07
-1.762511e-06
2.621038e-06
2.211264e-06
1.588490e-06
-3.865386e-06
7.378696e-08
8.799515e-07
-1.474636e-06
3.931795e-07
-2.461895e-06
-1.922080e-06
1.004673e-06
-1.093260e-06
2.434953e-06
-1.058873e-06
-6.658418e-07
1.242432e-06
-1.225085e-06
3.381871e-05
-2.177701e-06
-8.120014e-07
-1.669729e-07
-1.184429e-06
2.187922e-07
-1.189266e-06
5.481238e-07
2.025877e-06
-1.567322e-06
2.585185e-07
-6.695985e-07
-7.796430e-07
1.881239e-06
2.946240e-07
5.633387e-07
5.463483e-07
-1.596933e-07
4.864550e-07
9.770110e-07
2.819785e-07
5.928971e-07
-8.460755e-07
2.852294e-07
1.264905e-06
6.746206e-07
5.183265e-07
5.926360e-07
-2.517119e-07
6.809622e-07
1.410572e-06
1.166777e-07
-1.971506e-08
8.776535e-08
1.699665e-07
1.021758e-08
-3.188113e-07
4.855224e-07
1.607747e-07
-3.998014e-07
-3.078577e-07
1.917918e-07
1.585501e-06
1.275608e-07
7.533133e-07
1.440042e-07
-1.059970e-06
2.001133e-06
3.632128e-06
-2.968730e-06
5.314069e-07
2.478516e-06
-1.100782e-06
-4.221464e-07
2.252501e-06
2.811976e-06
-1.366474e-08
7.652653e-07
-3.820037e-06
-9.175703e-07
-4.596185e-06
-2.053004e-06
-7.814620e-07
-6.570583e-07
-7.180651e-07
-1.789164e-06
2.035497e-06
-1.225405e-06
-3.535132e-07
-2.673003e-07
-2.177701e-06
2.355547e-05
-5.230980e-07
7.754982e-07
-1.037926e-06
-1.325458e-07
1.618630e-07
-6.010941e-07
4.371548e-07
-1.251586e-06
1.612966e-07
-1.093523e-06
1.231361e-07
-1.036682e-06
1.508927e-06
5.530557e-08
-2.789319e-07
7.822951e-07
3.280232e-07
5.445442e-07
3.339456e-07
3.515845e-08
8.476465e-07
3.291502e-07
1.166502e-07
1.362970e-07
8.038149e-07
7.812323e-07
5.372356e-07
-2.820011e-08
4.495912e-07
-1.477318e-07
1.854462e-07
1.866417e-07
3.799725e-07
2.221101e-07
-6.744891e-08
4.036319e-07
-5.024784e-08
1.649574e-06
1.137341e-06
-1.228110e-06
8.305205e-07
-5.606384e-07
-2.891090e-06
-2.534112e-06
2.831400e-06
3.252032e-06
6.655510e-07
-6.849905e-07
-9.773596e-07
5.969833e-07
3.664410e-06
1.329367e-06
1.568663e-06
2.653107e-06
-7.982519e-07
-2.121710e-06
2.724790e-06
-2.294600e-07
-6.288249e-07
-1.463261e-06
-3.813273e-07
-1.133768e-06
-2.908365e-06
8.324429e-07
-1.358939e-06
-1.673831e-06
-1.067844e-06
9.454461e-07
-8.120014e-07
-5.230980e-07
2.216683e-05
1.391861e-06
-1.073486e-06
3.338231e-08
-1.426485e-06
3.227803e-07
-3.652224e-07
-2.191258e-07
5.333317e-07
-4.835902e-07
-9.664752e-07
-5.130295e-07
1.298286e-07
9.447666e-07
-5.505541e-08
1.259912e-06
8.680692e-07
1.555753e-06
-1.866460e-07
7.146782e-07
1.771035e-07
1.082223e-06
6.297589e-07
3.614248e-07
1.628577e-07
7.157138e-07
6.405979e-07
1.686061e-07
-2.109123e-08
9.265666e-07
5.579542e-08
8.573052e-09
1.007768e-07
5.366929e-07
4.737434e-07
1.731608e-07
5.533528e-08
-3.304158e-07
-4.449799e-07
2.229794e-07
-3.329444e-07
-5.708439e-07
6.714392e-07
4.554734e-07
1.403886e-07
-1.760005e-06
1.815295e-06
-4.447695e-06
-4.734907e-07
-7.276248e-07
6.060704e-07
-3.110553e-07
1.114961e-06
2.438997e-06
-1.597208e-06
2.459593e-06
1.330476e-06
1.483793e-07
2.248661e-06
7.153741e-07
2.401773e-07
-7.198103e-07
-5.041262e-07
-1.496182e-06
8.940257e-07
1.180713e-06
1.346873e-06
-1.173881e-06
-1.669729e-07
7.754982e-07
1.391861e-06
2.080613e-05
-2.875405e-07
-1.526159e-06
-1.265884e-06
-3.846452e-07
-3.134861e-07
-3.334403e-07
-3.528352e-07
4.340003e-11
-4.800235e-07
6.291182e-07
1.251814e-06
-3.789343e-07
-2.940477e-07
-2.309627e-07
-2.387017e-08
2.439878e-07
5.869941e-07
9.282598e-07
6.232840e-08
2.745807e-07
1.892783e-07
6.155957e-07
4.839811e-07
8.464789e-07
4.192096e-07
7.552654e-07
7.570423e-07
3.937546e-07
2.039607e-07
5.951438e-07
5.891455e-08
-1.125846e-08
1.806989e-07
1.673330e-07
3.453118e-07
4.267413e-07
-4.261590e-08
1.777660e-06
-9.213334e-07
-7.181628e-07
-1.349231e-07
6.111271e-07
-3.179279e-06
8.523492e-07
1.433429e-06
4.220737e-07
1.157162e-06
-2.988080e-07
6.251867e-07
3.581291e-06
-1.196927e-06
3.193216e-07
-7.346943e-08
-2.827319e-06
-7.605336e-07
5.689418e-07
-2.957132e-06
2.242478e-06
2.485226e-06
7.540622e-07
-8.290889e-07
-5.593473e-07
-1.197696e-06
-1.909079e-06
-1.566373e-06
-5.106582e-09
-1.184429e-06
-1.037926e-06
-1.073486e-06
-2.875405e-07
2.145469e-05
-5.781582e-07
7.474927e-07
5.592617e-07
6.294139e-07
-8.716591e-07
-2.460004e-07
7.716286e-07
-4.666553e-07
-2.244449e-07
8.382049e-07
4.146667e-07
2.001712e-07
1.260927e-07
-3.634664e-07
-1.077818e-07
4.936097e-07
6.932510e-07
3.738385e-07
1.632954e-07
3.826674e-07
3.964488e-07
8.238840e-07
1.097955e-06
5.787242e-07
7.805005e-07
5.960046e-09
-1.808595e-07
4.867942e-07
7.141636e-07
8.484939e-09
1.459170e-07
4.176317e-07
1.832454e-07
8.001645e-07
1.973993e-07
1.059454e-06
-8.792822e-07
1.515884e-07
-1.114366e-06
3.767257e-07
4.620151e-07
3.538906e-07
-1.505220e-06
1.825067e-06
1.555014e-06
-3.229146e-07
1.995701e-06
-1.460611e-06
-9.373525e-07
1.956195e-06
3.153137e-06
6.666498e-07
-1.178509e-06
-7.802103e-07
-2.399963e-06
6.514065e-07
1.137526e-06
-2.997295e-07
-9.351969e-07
-8.030258e-07
-6.575083e-07
7.587200e-07
-2.897714e-07
-4.125948e-07
1.355600e-06
2.187922e-07
-1.325458e-07
3.338231e-08
-1.526159e-06
-5.781582e-07
1.929650e-05
-9.809377e-07
-6.331388e-07
-3.445942e-07
-8.104510e-07
1.658428e-07
9.584499e-07
-8.458746e-07
-2.158805e-07
3.324205e-07
-2.372066e-08
-1.720631e-07
-6.929106e-07
1.451122e-07
2.239496e-07
5.881194e-07
8.300604e-07
4.938227e-07
-1.638201e-10
6.328554e-07
8.852817e-07
1.838034e-07
1.029112e-07
4.818573e-07
1.756055e-07
8.723051e-07
3.958161e-07
1.874053e-07
2.409671e-07
1.407841e-07
-8.647695e-08
1.728030e-07
-4.225421e-08
-7.489712e-09
-1.924084e-07
-3.187906e-07
-1.084494e-06
-1.440057e-07
1.805991e-07
1.397651e-06
8.191314e-07
1.599267e-06
3.487233e-06
4.663652e-06
1.661514e-06
3.488867e-06
1.074805e-08
-6.764435e-07
3.809207e-07
-2.018928e-06
4.876596e-07
1.472948e-07
-1.846594e-06
1.002511e-06
6.166300e-07
7.891697e-07
-2.721409e-07
-1.587542e-06
-1.026248e-06
-1.546451e-07
1.831070e-06
1.419250e-06
-2.651345e-08
-1.806643e-06
-3.354059e-07
-1.189266e-06
1.618630e-07
-1.426485e-06
-1.265884e-06
7.474927e-07
-9.809377e-07
1.495029e-05
-8.063718e-07
-5.217575e-07
-4.877411e-07
-8.062182e-09
-3.730739e-07
1.865896e-07
-4.557974e-07
4.551510e-07
1.007923e-07
-6.054027e-07
-6.815754e-08
5.922085e-07
-2.265927e-08
6.956340e-07
9.612779e-07
2.238951e-07
8.041683e-07
5.567827e-07
3.825628e-07
6.502041e-07
3.074915e-07
1.590310e-07
2.689355e-07
3.888611e-07
-6.903055e-08
2.962838e-07
1.118308e-07
2.070924e-07
2.666492e-07
4.182884e-07
1.773370e-07
2.717650e-07
3.134680e-07
8.486326e-07
3.228532e-07
3.358543e-07
-9.121822e-08
1.223677e-06
-1.131163e-06
-1.333775e-06
2.101210e-06
1.657855e-06
1.507072e-06
3.648249e-07
2.980936e-06
-6.983452e-07
1.557787e-06
-5.226931e-07
-4.262074e-07
1.005907e-06
7.310587e-07
-9.044876e-07
1.666386e-06
-4.681878e-07
1.013023e-06
7.296937e-08
1.630291e-06
-6.504903e-07
-9.303063e-08
8.470860e-07
-4.439640e-07
6.141699e-07
6.567253e-08
5.481238e-07
-6.010941e-07
3.227803e-07
-3.846452e-07
5.592617e-07
-6.331388e-07
-8.063718e-07
1.514314e-05
-5.293976e-07
-3.816445e-07
1.333903e-07
-5.138078e-07
-1.247328e-08
3.710299e-08
5.159969e-07
-3.707112e-07
5.225798e-07
2.557045e-07
-6.960510e-08
7.184428e-07
5.872104e-07
4.812846e-07
7.407040e-07
2.100214e-07
1.669979e-07
5.769647e-07
7.588589e-07
7.262701e-07
6.029080e-07
3.853570e-07
-9.228851e-08
7.401848e-08
7.480029e-07
4.367716e-07
3.348124e-07
5.923356e-07
2.503494e-07
3.215332e-07
6.867949e-07
-2.281719e-07
-2.690675e-07
-2.887548e-07
9.394791e-07
-2.523757e-07
8.613425e-07
8.240602e-07
-1.351461e-07
1.092431e-06
-7.966410e-07
4.276359e-07
-3.655365e-07
-3.216840e-07
1.922061e-06
1.557496e-06
3.095178e-06
-5.783336e-08
9.847032e-07
2.387367e-06
-5.661385e-07
1.172496e-06
-7.518709e-08
6.553554e-07
-4.150280e-07
5.760721e-07
2.215060e-06
-8.397066e-07
-1.530355e-06
-3.939800e-07
-8.301495e-08
3.913867e-08
2.025877e-06
4.371548e-07
-3.652224e-07
-3.134861e-07
6.294139e-07
-3.445942e-07
-5.217575e-07
-5.293976e-07
1.414766e-05
-3.321063e-07
1.880959e-07
9.482868e-08
-9.894612e-07
1.696409e-07
-5.798217e-07
2.188255e-07
4.336394e-07
-5.751899e-07
-5.056547e-07
5.656623e-07
8.705170e-08
5.986194e-07
6.033546e-07
4.888520e-07
8.163391e-07
2.555219e-07
5.739511e-07
9.802345e-07
4.057142e-07
6.978126e-07
5.043175e-07
-1.586561e-07
4.715339e-07
4.615779e-07
5.894438e-07
1.036224e-07
4.790116e-07
6.078994e-07
7.839319e-08
3.745255e-07
3.689573e-07
-3.145741e-07
2.003367e-07
1.291979e-06
3.646816e-07
-8.948180e-08
-1.161449e-07
-6.274321e-07
2.227159e-06
8.825148e-07
-9.044948e-07
-6.151402e-08
3.021797e-07
-4.906056e-07
5.520183e-07
-3.735495e-07
1.472513e-06
2.633025e-06
2.450195e-06
-3.341626e-07
2.985794e-06
-1.121807e-07
2.487905e-06
2.431061e-07
6.661227e-07
6.884045e-08
3.253422e-07
-2.957868e-07
6.329698e-07
2.218931e-07
-1.567322e-06
-1.251586e-06
-2.191258e-07
-3.334403e-07
-8.716591e-07
-8.104510e-07
-4.877411e-07
-3.816445e-07
-3.321063e-07
1.151694e-05
4.749346e-08
-2.922692e-07
-2.460394e-07
1.386601e-07
2.937835e-07
-2.180065e-07
3.531536e-08
-5.648566e-07
-3.621576e-08
1.857828e-07
-3.588745e-07
2.786998e-07
3.188347e-07
2.456578e-07
7.098225e-07
3.164268e-07
7.218766e-07
-7.459376e-08
4.663305e-07
4.525227e-07
4.389849e-07
6.374497e-07
2.845221e-07
1.470632e-07
1.851323e-07
6.429229e-07
4.846602e-07
-4.543508e-09
2.720073e-07
6.467695e-07
9.665867e-07
3.790646e-07
-6.444217e-07
5.690272e-07
2.090487e-07
-2.986719e-07
8.148373e-08
-3.194776e-07
-4.920422e-07
-3.367978e-08
3.120913e-06
3.272651e-07
1.210590e-07
1.708064e-06
-2.303162e-07
2.885230e-07
3.736878e-07
2.634873e-06
1.744249e-06
-1.039496e-07
9.311149e-08
-1.426245e-06
-9.993203e-07
4.488470e-07
1.879131e-07
8.264406e-07
5.786727e-07
-5.866067e-08
-7.920264e-07
-5.603596e-08
2.585185e-07
1.612966e-07
5.333317e-07
-3.528352e-07
-2.460004e-07
1.658428e-07
-8.062182e-09
1.333903e-07
1.880959e-07
4.749346e-08
9.962158e-06
3.955247e-07
-5.708581e-07
1.447543e-07
7.099973e-08
8.142038e-08
-3.647449e-07
2.770470e-07
-1.307793e-07
4.461803e-07
1.717353e-07
-2.630349e-07
1.217985e-07
2.550009e-07
1.777189e-07
3.730321e-07
3.299921e-07
4.522475e-07
7.896852e-07
3.816513e-07
6.311461e-07
3.464727e-07
5.329135e-07
5.489019e-07
4.749417e-07
1.124339e-07
5.099543e-07
4.074280e-07
9.597066e-08
4.401463e-08
6.043098e-07
-1.319469e-07
1.340839e-07
-8.650406e-08
-1.390432e-08
-1.750971e-06
7.135338e-07
-1.834694e-06
6.497985e-07
1.539292e-06
1.819794e-06
9.666220e-07
2.829714e-07
7.585370e-07
1.237337e-06
1.277375e-06
5.697886e-07
1.257341e-06
1.472367e-06
9.542058e-07
3.224173e-07
4.164529e-07
6.527971e-07
4.654219e-07
-5.942246e-07
5.022574e-07
-1.478472e-06
4.262673e-07
-9.786836e-07
1.346200e-06
-6.695985e-07
-1.093523e-06
-4.835902e-07
4.340003e-11
7.716286e-07
9.584499e-07
-3.730739e-07
-5.138078e-07
9.482868e-08
-2.922692e-07
3.955247e-07
9.990373e-06
3.837018e-07
-1.190461e-07
-6.345032e-07
-6.208124e-07
1.104136e-07
3.007807e-07
2.050331e-07
-4.078198e-08
-1.788284e-07
1.368641e-07
-1.897780e-07
5.361879e-07
4.160411e-07
3.502271e-07
1.323814e-07
5.496677e-07
8.260643e-07
5.066790e-07
1.475617e-08
3.916259e-07
3.931345e-07
5.157974e-07
5.381807e-07
2.427514e-07
3.591206e-07
6.695702e-07
2.934173e-07
-3.317613e-07
-2.636074e-07
-5.789037e-08
2.245703e-07
9.632474e-07
-1.079069e-06
1.445585e-06
7.743666e-07
8.387738e-07
3.002710e-06
2.724545e-06
1.372477e-06
-4.294150e-07
1.418673e-06
1.615305e-06
-5.506641e-07
-7.590335e-07
7.524672e-07
1.363533e-06
-2.166932e-07
5.923238e-07
1.239643e-06
-7.889966e-07
7.226714e-07
1.030201e-06
-2.569218e-08
1.243924e-07
7.885150e-07
-9.744141e-07
-2.977976e-07
1.970914e-08
-7.796430e-07
1.231361e-07
-9.664752e-07
-4.800235e-07
-4.666553e-07
-8.458746e-07
1.865896e-07
-1.247328e-08
-9.894612e-07
-2.460394e-07
-5.708581e-07
3.837018e-07
9.858138e-06
-2.191165e-07
-5.188827e-07
9.938684e-08
1.783284e-07
5.435410e-08
4.384230e-07
-1.775728e-07
6.193642e-08
2.415947e-07
-1.446077e-07
-2.886931e-07
4.930656e-07
6.028367e-08
1.554893e-07
2.978796e-07
4.544059e-07
5.521791e-07
1.682967e-07
3.412155e-07
4.605785e-07
1.736051e-07
1.662817e-07
5.622393e-07
2.258624e-07
6.113135e-07
-8.257302e-09
-2.998847e-07
5.474288e-07
3.779039e-07
-5.558959e-07
9.444567e-07
6.730264e-07
1.889281e-06
-6.568555e-07
1.048613e-06
-3.867023e-07
1.122205e-06
1.423721e-06
2.270737e-06
-1.072099e-06
3.699014e-07
1.282328e-06
-5.622845e-07
-1.373567e-06
2.476323e-07
1.572598e-07
9.938256e-07
1.026994e-08
4.154431e-07
2.229050e-06
-7.521794e-07
1.146824e-06
1.100492e-06
-8.399405e-07
8.656285e-07
4.153071e-07
-1.630487e-07
1.881239e-06
-1.036682e-06
-5.130295e-07
6.291182e-07
-2.244449e-07
-2.158805e-07
-4.557974e-07
3.710299e-08
1.696409e-07
1.386601e-07
1.447543e-07
-1.190461e-07
-2.191165e-07
8.638512e-06
-3.871267e-07
6.081594e-07
-1.539081e-07
-1.621584e-07
-1.636458e-08
-1.287899e-07
-6.277045e-08
-7.463298e-08
-3.058504e-07
3.504050e-09
-3.144017e-07
1.483392e-07
4.840995e-07
-1.089589e-07
6.328632e-08
6.352064e-07
5.734871e-07
4.115442e-07
2.918193e-07
5.277858e-07
6.280829e-07
2.648756e-07
2.732902e-07
2.159632e-07
5.355869e-07
5.392243e-07
-4.947924e-07
8.732291e-07
-4.841588e-07
-3.571707e-07
-5.981937e-07
-1.403651e-06
-4.234469e-07
2.402342e-06
3.218288e-07
-4.710123e-08
8.748630e-07
7.177806e-07
7.730793e-07
1.051785e-06
3.639520e-08
8.938493e-07
6.143344e-07
1.014900e-06
3.630635e-07
8.916305e-07
1.925128e-07
1.271538e-06
-4.696541e-07
-1.831506e-07
1.336165e-07
1.370056e-07
-4.073676e-07
8.683551e-07
-1.246410e-07
4.519354e-07
2.946240e-07
1.508927e-06
1.298286e-07
1.251814e-06
8.382049e-07
3.324205e-07
4.551510e-07
5.159969e-07
-5.798217e-07
2.937835e-07
7.099973e-08
-6.345032e-07
-5.188827e-07
-3.871267e-07
9.474093e-06
-4.592396e-07
-6.874383e-07
-2.107485e-07
-2.109790e-07
1.911572e-07
1.764198e-07
-1.872447e-07
6.100704e-07
1.731570e-07
1.051053e-08
1.383434e-07
-1.187041e-07
1.821615e-07
1.448735e-07
2.078064e-07
7.426419e-07
5.229060e-07
3.738121e-07
1.725536e-07
2.688161e-07
5.186893e-07
4.404762e-07
-4.013459e-08
2.763109e-07
6.188291e-07
-1.120250e-07
-5.214328e-08
1.033517e-07
-1.703079e-06
1.663055e-08
-1.420179e-06
1.439125e-07
1.926150e-06
8.665417e-07
1.998774e-06
-8.411105e-07
7.270237e-07
2.595908e-06
1.313741e-06
1.340919e-06
-6.278247e-07
5.726957e-07
-1.114602e-07
-2.429195e-08
-5.900385e-08
1.104297e-06
-2.004975e-07
3.780510e-07
6.098789e-07
1.514383e-06
5.517848e-07
-1.898799e-07
-1.114589e-06
1.183567e-06
2.878157e-07
5.633387e-07
5.530557e-08
9.447666e-07
-3.789343e-07
4.146667e-07
-2.372066e-08
1.007923e-07
-3.707112e-07
2.188255e-07
-2.180065e-07
8.142038e-08
-6.208124e-07
9.938684e-08
6.081594e-07
-4.592396e-07
8.904609e-06
1.943909e-07
7.835631e-08
-3.257474e-08
-1.081371e-07
6.257368e-08
-1.297407e-07
2.416881e-07
-2.683094e-08
1.587280e-07
-2.335830e-07
4.005565e-07
3.598859e-07
5.011790e-07
1.586029e-07
5.483459e-07
3.316706e-07
5.638801e-07
5.285130e-07
2.990332e-07
4.889557e-07
4.106375e-07
3.757576e-07
4.562684e-07
-1.394974e-08
-5.886034e-07
2.496497e-07
1.829821e-07
8.351766e-07
1.359497e-06
8.372954e-07
2.200738e-07
8.706271e-07
1.658825e-06
-5.507914e-07
-1.523088e-08
-8.790719e-07
5.526432e-07
8.833643e-07
1.167353e-06
1.003439e-06
1.566491e-06
9.409676e-07
-9.375019e-07
9.684134e-07
-5.515799e-07
-3.948739e-07
5.712584e-07
1.296843e-06
5.233536e-08
2.614744e-06
5.110995e-07
1.110535e-09
1.008172e-06
-4.735616e-07
5.463483e-07
-2.789319e-07
-5.505541e-08
-2.940477e-07
2.001712e-07
-1.720631e-07
-6.054027e-07
5.225798e-07
4.336394e-07
3.531536e-08
-3.647449e-07
1.104136e-07
1.783284e-07
-1.539081e-07
-6.874383e-07
1.943909e-07
8.664596e-06
-1.460053e-08
-2.491734e-07
1.497665e-07
2.218033e-07
-3.073794e-07
2.177828e-07
-1.207581e-07
3.106723e-07
4.728217e-07
3.536075e-07
6.107195e-08
3.182402e-07
3.167113e-07
2.611260e-07
-5.230621e-08
3.717828e-07
2.833729e-07
2.327092e-07
3.911631e-07
5.213349e-07
4.566285e-07
3.689497e-07
1.157207e-07
3.152324e-07
6.171583e-07
2.234487e-07
1.769226e-07
1.187563e-06
-2.323816e-07
-1.000938e-06
2.309913e-06
5.575002e-07
-5.092108e-07
-2.825080e-07
-1.304838e-07
2.010015e-06
9.127830e-07
6.922375e-07
-7.103305e-07
5.706726e-07
8.252260e-07
-3.304168e-07
-6.176854e-07
1.456549e-06
-4.721696e-07
2.761521e-07
1.629074e-07
9.610088e-08
4.597721e-07
1.267556e-06
6.877413e-07
4.729328e-07
1.065871e-06
-1.596933e-07
7.822951e-07
1.259912e-06
-2.309627e-07
1.260927e-07
-6.929106e-07
-6.815754e-08
2.557045e-07
-5.751899e-07
-5.648566e-07
2.770470e-07
3.007807e-07
5.435410e-08
-1.621584e-07
-2.107485e-07
7.835631e-08
-1.460053e-08
8.230638e-06
-1.594663e-07
1.196523e-07
-4.818387e-08
6.790111e-08
-9.930336e-08
1.643758e-07
4.649729e-08
2.309979e-07
1.854723e-07
-2.634885e-08
1.833245e-07
2.029936e-07
3.031529e-07
-3.847764e-09
4.564374e-07
3.513560e-07
5.819012e-07
4.945961e-07
3.274984e-07
7.297840e-07
3.537503e-07
9.762655e-08
1.023580e-07
7.732944e-07
4.350383e-07
-6.987392e-07
1.064962e-07
-2.116655e-07
-2.079248e-06
2.442996e-06
8.771813e-07
-1.770593e-07
1.423963e-06
-1.237886e-06
2.279203e-06
-1.183777e-06
3.630020e-07
1.419478e-06
6.544601e-07
-1.415316e-06
9.445154e-07
7.892571e-08
2.516153e-07
2.694572e-06
-8.463591e-07
-3.228612e-07
1.330152e-06
1.339548e-06
1.002619e-06
8.152539e-07
2.268168e-08
-1.391450e-07
4.864550e-07
3.280232e-07
8.680692e-07
-2.387017e-08
-3.634664e-07
1.451122e-07
5.922085e-07
-6.960510e-08
-5.056547e-07
-3.621576e-08
-1.307793e-07
2.050331e-07
4.384230e-07
-1.636458e-08
-2.109790e-07
-3.257474e-08
-2.491734e-07
-1.594663e-07
8.145992e-06
-4.476536e-07
-1.085166e-07
-8.422463e-08
2.158271e-07
2.717882e-07
-6.292776e-08
1.780296e-07
-3.405907e-07
-1.537727e-07
5.225635e-07
1.608424e-07
3.000234e-07
2.535544e-07
3.875811e-07
3.626809e-07
4.231124e-07
2.580655e-07
4.137992e-07
4.735938e-07
5.937637e-07
-5.167995e-08
3.373348e-07
4.317820e-07
-1.270537e-06
6.227264e-07
-9.318715e-07
1.152925e-06
6.712514e-07
-1.309559e-06
1.377527e-06
7.212350e-07
-3.560573e-08
1.025290e-06
1.595582e-06
-1.017780e-06
8.683448e-07
-1.615359e-07
1.037075e-06
1.602493e-06
2.545293e-07
1.890499e-06
1.709473e-07
-4.067738e-07
1.132207e-06
3.353011e-07
1.031202e-06
7.379159e-07
6.532948e-08
3.317531e-07
1.191635e-06
-3.554298e-07
9.770110e-07
5.445442e-07
1.555753e-06
2.439878e-07
-1.077818e-07
2.239496e-07
-2.265927e-08
7.184428e-07
5.656623e-07
1.857828e-07
4.461803e-07
-4.078198e-08
-1.775728e-07
-1.287899e-07
1.911572e-07
-1.081371e-07
1.497665e-07
1.196523e-07
-4.476536e-07
7.228453e-06
3.247715e-07
5.230874e-07
-1.251673e-07
-6.732201e-08
1.562110e-07
4.107339e-08
2.473376e-07
8.529448e-08
3.678630e-07
1.181104e-08
1.502194e-07
-2.007561e-07
-4.758095e-08
2.078309e-07
4.164612e-07
1.859532e-07
5.402417e-07
1.022074e-07
8.131642e-07
7.298073e-07
4.920536e-07
4.543038e-07
3.965530e-07
-1.064231e-07
-2.835100e-07
1.044150e-06
-6.688101e-07
-1.395510e-06
2.069823e-06
7.464390e-07
1.100344e-06
-1.632659e-07
3.553594e-07
2.705973e-07
2.697506e-07
4.511015e-07
8.815820e-07
1.053746e-06
1.197927e-06
1.557754e-06
5.727207e-07
1.484190e-06
5.101849e-07
4.778881e-07
3.355033e-08
-6.764180e-09
6.488385e-07
9.335582e-07
1.265261e-07
9.109866e-08
2.819785e-07
3.339456e-07
-1.866460e-07
5.869941e-07
4.936097e-07
5.881194e-07
6.956340e-07
5.872104e-07
8.705170e-08
-3.588745e-07
1.717353e-07
-1.788284e-07
6.193642e-08
-6.277045e-08
1.764198e-07
6.257368e-08
2.218033e-07
-4.818387e-08
-1.085166e-07
3.247715e-07
7.361191e-06
9.256853e-09
3.064332e-08
2.693113e-08
4.653218e-08
2.111638e-07
5.471238e-08
-2.283501e-07
-4.771047e-07
1.881917e-08
-7.711601e-08
4.205527e-07
4.095237e-07
9.407248e-08
1.893453e-07
3.111679e-07
4.576363e-07
4.778049e-07
4.025929e-07
6.763276e-07
1.721013e-07
-4.069525e-07
-1.595218e-07
1.958397e-07
5.936343e-07
-6.642745e-07
9.132614e-07
-5.621877e-07
-2.931061e-07
4.702325e-07
1.234016e-06
8.504410e-08
-9.377908e-08
5.696827e-07
2.015962e-06
1.171522e-06
4.233875e-07
-8.008714e-07
-3.975240e-07
-1.328393e-06
9.200863e-07
-1.964195e-07
1.159304e-06
1.028281e-06
-9.982585e-08
1.263183e-07
1.121465e-06
2.412052e-06
4.659829e-07
2.464492e-07
5.928971e-07
3.515845e-08
7.146782e-07
9.282598e-07
6.932510e-07
8.300604e-07
9.612779e-07
4.812846e-07
5.986194e-07
2.786998e-07
-2.630349e-07
1.368641e-07
2.415947e-07
-7.463298e-08
-1.872447e-07
-1.297407e-07
-3.073794e-07
6.790111e-08
-8.422463e-08
5.230874e-07
9.256853e-09
7.038727e-06
-7.121073e-08
2.141032e-07
-4.719039e-07
2.689903e-08
3.039539e-07
3.106813e-07
6.119367e-07
2.263984e-07
1.941620e-07
3.625790e-07
1.024551e-07
3.341510e-07
-1.194873e-08
2.313146e-07
3.310455e-07
4.288632e-07
3.940140e-07
9.360838e-07
6.114133e-07
-7.733141e-08
2.880061e-07
-6.263118e-07
1.765865e-06
1.791425e-06
9.401924e-07
1.004730e-06
3.745406e-07
-4.592324e-07
-5.049144e-07
7.888959e-07
2.470723e-06
-5.945095e-07
5.325380e-07
-2.681397e-07
3.959624e-07
5.172420e-07
-2.948401e-07
-3.364188e-07
1.416728e-07
9.786435e-07
1.440945e-06
2.826126e-07
4.822251e-09
3.836225e-07
1.179792e-06
1.179610e-06
8.736616e-07
1.749396e-07
-8.460755e-07
8.476465e-07
1.771035e-07
6.232840e-08
3.738385e-07
4.938227e-07
2.238951e-07
7.407040e-07
6.033546e-07
3.188347e-07
1.217985e-07
-1.897780e-07
-1.446077e-07
-3.058504e-07
6.100704e-07
2.416881e-07
2.177828e-07
-9.930336e-08
2.158271e-07
-1.251673e-07
3.064332e-08
-7.121073e-08
7.049259e-06
-1.325706e-07
-2.174311e-07
-6.289908e-08
1.896843e-07
3.441595e-07
-3.827994e-08
-1.431924e-07
-2.550742e-07
1.977684e-07
2.915732e-07
2.588675e-07
1.265428e-07
3.449753e-07
4.977111e-07
5.104366e-07
3.932815e-07
1.596906e-07
-7.753789e-09
4.489585e-07
6.016525e-07
6.068476e-07
5.580061e-07
3.760421e-07
1.613852e-06
1.248068e-08
7.043470e-07
9.992368e-08
-5.779007e-08
-2.279962e-08
9.544396e-07
1.269552e-06
1.407734e-06
-4.387011e-08
-8.558492e-08
-3.216464e-07
1.446629e-06
5.440629e-07
1.042472e-07
7.055721e-08
2.572319e-07
7.569184e-07
5.565858e-07
2.070828e-07
5.416662e-07
8.453430e-07
7.442695e-07
1.271129e-06
2.852294e-07
3.291502e-07
1.082223e-06
2.745807e-07
1.632954e-07
-1.638201e-10
8.041683e-07
2.100214e-07
4.888520e-07
2.456578e-07
2.550009e-07
5.361879e-07
-2.886931e-07
3.504050e-09
1.731570e-07
-2.683094e-08
-1.207581e-07
1.643758e-07
2.717882e-07
-6.732201e-08
2.693113e-08
2.141032e-07
-1.325706e-07
6.867577e-06
3.410984e-07
2.472964e-07
-1.479659e-07
-1.757084e-07
2.324963e-07
-1.760460e-07
1.658445e-07
2.525114e-07
6.979971e-08
2.876283e-07
1.115515e-07
2.252782e-07
2.409408e-07
6.821045e-07
6.130769e-07
3.250746e-07
1.311942e-06
7.231073e-07
3.537256e-07
1.373714e-06
-1.166334e-06
4.796092e-07
1.126798e-06
-2.108532e-06
1.042051e-07
4.785286e-07
2.276959e-06
1.836698e-07
-8.370306e-07
-2.636391e-07
9.479133e-07
1.497933e-06
-1.046558e-06
1.173883e-06
1.559667e-06
-1.872770e-07
9.628202e-07
3.716606e-07
-2.639572e-07
-4.028075e-08
-1.209077e-08
5.746319e-07
3.795526e-07
3.816863e-07
8.221284e-08
8.106242e-07
1.264905e-06
1.166502e-07
6.297589e-07
1.892783e-07
3.826674e-07
6.328554e-07
5.567827e-07
1.669979e-07
8.163391e-07
7.098225e-07
1.777189e-07
4.160411e-07
4.930656e-07
-3.144017e-07
1.051053e-08
1.587280e-07
3.106723e-07
4.649729e-08
-6.292776e-08
1.562110e-07
4.653218e-08
-4.719039e-07
-2.174311e-07
3.410984e-07
6.722560e-06
1.752402e-07
1.807091e-07
-2.004974e-08
-5.575268e-08
1.588354e-07
1.712578e-07
3.365562e-08
3.299021e-07
1.758010e-07
2.149086e-07
4.040415e-07
3.911967e-07
4.919228e-07
6.577345e-07
6.527155e-07
4.886809e-07
7.816848e-08
1.416219e-06
1.348545e-06
3.269399e-07
3.829301e-07
3.102561e-07
-4.905753e-08
5.978184e-07
8.215255e-07
7.250268e-07
-2.470373e-08
4.079454e-07
1.132320e-06
8.085384e-07
-1.179434e-06
-5.410309e-08
5.006099e-07
1.469814e-06
6.275981e-07
6.016035e-07
-5.030675e-07
1.056806e-07
2.489714e-07
1.599592e-07
1.542795e-06
7.387029e-07
1.115875e-06
8.297093e-08
5.607234e-07
6.746206e-07
1.362970e-07
3.614248e-07
6.155957e-07
3.964488e-07
8.852817e-07
3.825628e-07
5.769647e-07
2.555219e-07
3.164268e-07
3.730321e-07
3.502271e-07
6.028367e-08
1.483392e-07
1.383434e-07
-2.335830e-07
4.728217e-07
2.309979e-07
1.780296e-07
4.107339e-08
2.111638e-07
2.689903e-08
-6.289908e-08
2.472964e-07
1.752402e-07
6.568496e-06
7.832137e-08
1.920446e-07
1.030851e-07
-4.123336e-08
6.102803e-08
1.735474e-07
1.607798e-07
2.261357e-07
1.027112e-07
1.328633e-07
2.170041e-07
4.893715e-07
5.811078e-07
7.033925e-07
1.067135e-06
1.279856e-06
6.603845e-08
1.189510e-06
7.648782e-07
4.978651e-07
1.694051e-06
3.660539e-07
1.344716e-06
1.000678e-07
6.119499e-08
5.876411e-07
8.420781e-07
-2.299053e-07
-8.310702e-07
7.548709e-07
-4.568473e-07
5.464560e-07
3.829627e-07
1.023860e-06
8.822903e-07
7.994597e-08
3.626021e-07
1.737365e-07
5.561459e-07
7.603610e-07
1.227290e-06
-1.170505e-07
7.526859e-07
1.164873e-06
5.183265e-07
8.038149e-07
1.628577e-07
4.839811e-07
8.238840e-07
1.838034e-07
6.502041e-07
7.588589e-07
5.739511e-07
7.218766e-07
3.299921e-07
1.323814e-07
1.554893e-07
4.840995e-07
-1.187041e-07
4.005565e-07
3.536075e-07
1.854723e-07
-3.405907e-07
2.473376e-07
5.471238e-08
3.039539e-07
1.896843e-07
-1.479659e-07
1.807091e-07
7.832137e-08
6.031784e-06
8.435360e-08
1.783983e-07
3.282793e-07
1.370685e-07
-2.505490e-07
1.716174e-07
1.158326e-07
3.293951e-07
2.820676e-07
3.954174e-07
3.860213e-07
8.752385e-07
6.797915e-07
4.825363e-07
8.103460e-07
1.802405e-06
-1.309534e-07
4.521526e-08
2.297296e-06
-4.527726e-08
-4.844035e-08
3.915016e-07
1.425105e-06
-9.259622e-07
3.407240e-07
5.737157e-07
6.992932e-07
-7.356699e-07
-5.912030e-07
9.548932e-08
1.088486e-06
-3.825923e-07
8.541771e-07
-6.078340e-07
-4.321894e-07
4.242774e-08
6.095597e-07
9.545104e-07
7.254839e-07
-5.138319e-07
1.740991e-07
1.029089e-06
5.956690e-07
5.926360e-07
7.812323e-07
7.157138e-07
8.464789e-07
1.097955e-06
1.029112e-07
3.074915e-07
7.262701e-07
9.802345e-07
-7.459376e-08
4.522475e-07
5.496677e-07
2.978796e-07
-1.089589e-07
1.821615e-07
3.598859e-07
6.107195e-08
-2.634885e-08
-1.537727e-07
8.529448e-08
-2.283501e-07
3.106813e-07
3.441595e-07
-1.757084e-07
-2.004974e-08
1.920446e-07
8.435360e-08
5.911258e-06
-7.881722e-08
2.649595e-07
-5.226422e-08
-2.710916e-08
1.143588e-07
4.443524e-08
1.922037e-07
2.760745e-07
3.289939e-07
5.835915e-07
-1.217949e-07
6.741098e-07
2.898778e-07
-3.111387e-07
1.613740e-06
1.101788e-06
1.508204e-06
4.839917e-07
6.289966e-07
-9.935795e-08
4.600540e-07
5.233038e-07
-6.763630e-07
-4.175260e-07
1.592109e-07
6.097198e-07
6.689186e-08
7.215786e-07
3.870436e-07
6.537794e-07
1.077097e-07
-8.641321e-07
-1.951609e-07
3.850357e-07
3.190130e-07
1.060388e-07
5.037455e-07
5.714837e-07
7.214342e-07
-4.214559e-10
2.795642e-08
4.894067e-07
-2.517119e-07
5.372356e-07
6.405979e-07
4.192096e-07
5.787242e-07
4.818573e-07
1.590310e-07
6.029080e-07
4.057142e-07
4.663305e-07
7.896852e-07
8.260643e-07
4.544059e-07
6.328632e-08
1.448735e-07
5.011790e-07
3.182402e-07
1.833245e-07
5.225635e-07
3.678630e-07
-4.771047e-07
6.119367e-07
-3.827994e-08
2.324963e-07
-5.575268e-08
1.030851e-07
1.783983e-07
-7.881722e-08
5.310942e-06
2.983786e-08
-5.950507e-09
1.877977e-07
-1.861959e-08
1.950370e-08
2.417682e-07
2.504245e-07
5.706900e-07
5.066239e-07
7.082226e-07
3.447010e-07
5.919988e-07
9.737902e-07
3.252041e-07
1.578470e-07
1.838606e-06
8.327573e-07
1.251009e-06
-4.421418e-07
9.342414e-07
5.621168e-07
1.552238e-06
7.432001e-08
-6.119148e-07
2.704445e-07
2.385886e-07
2.934795e-07
6.707508e-09
-2.355884e-07
1.078019e-06
-3.463861e-07
1.136105e-07
4.200900e-08
3.608686e-07
9.976952e-07
-6.292344e-08
-7.589243e-08
-5.737554e-07
1.557582e-07
4.047651e-07
3.412543e-07
6.809622e-07
-2.820011e-08
1.686061e-07
7.552654e-07
7.805005e-07
1.756055e-07
2.689355e-07
3.853570e-07
6.978126e-07
4.525227e-07
3.816513e-07
5.066790e-07
5.521791e-07
6.352064e-07
2.078064e-07
1.586029e-07
3.167113e-07
2.029936e-07
1.608424e-07
1.181104e-08
1.881917e-08
2.263984e-07
-1.431924e-07
-1.760460e-07
1.588354e-07
-4.123336e-08
3.282793e-07
2.649595e-07
2.983786e-08
4.527713e-06
1.211704e-07
-2.621237e-07
3.262339e-07
1.217606e-07
-1.394295e-07
2.681918e-07
2.549691e-07
2.247812e-07
5.533963e-07
4.757722e-07
1.218973e-06
9.053021e-07
2.016730e-08
5.481550e-07
4.890779e-07
-1.352767e-07
1.161289e-06
1.513950e-06
5.873543e-07
-6.113392e-07
1.428379e-07
-7.050800e-07
-9.149513e-07
7.334466e-07
-5.798358e-07
8.362323e-07
4.492893e-07
-1.188772e-07
-7.929338e-07
-1.503923e-07
2.981752e-07
8.160022e-07
9.298892e-07
-6.905707e-07
2.468943e-07
-2.697419e-07
6.410253e-07
3.767055e-07
3.766880e-07
9.315654e-07
1.410572e-06
4.495912e-07
-2.109123e-08
7.570423e-07
5.960046e-09
8.723051e-07
3.888611e-07
-9.228851e-08
5.043175e-07
4.389849e-07
6.311461e-07
1.475617e-08
1.682967e-07
5.734871e-07
7.426419e-07
5.483459e-07
2.611260e-07
3.031529e-07
3.000234e-07
1.502194e-07
-7.711601e-08
1.941620e-07
-2.550742e-07
1.658445e-07
1.712578e-07
6.102803e-08
1.370685e-07
-5.226422e-08
-5.950507e-09
1.211704e-07
5.324556e-06
1.816629e-07
7.613891e-08
1.332564e-07
-6.757217e-08
3.844263e-07
2.355889e-08
5.710120e-08
5.781703e-07
5.997421e-07
5.982412e-07
4.994466e-07
7.823592e-07
1.615906e-06
1.230631e-06
1.143159e-06
3.731437e-07
-3.106280e-07
-3.376234e-07
5.140897e-07
-5.753453e-08
3.243041e-07
-3.972603e-08
-4.040171e-07
5.256651e-07
8.750755e-07
1.318105e-06
-1.363365e-07
7.264467e-07
-2.675799e-07
3.334431e-07
-4.498875e-09
5.057465e-07
-6.781037e-08
-3.571488e-07
4.740913e-07
1.378358e-06
1.169274e-07
4.242960e-07
8.984591e-07
1.166777e-07
-1.477318e-07
9.265666e-07
3.937546e-07
-1.808595e-07
3.958161e-07
-6.903055e-08
7.401848e-08
-1.586561e-07
6.374497e-07
3.464727e-07
3.916259e-07
3.412155e-07
4.115442e-07
5.229060e-07
3.316706e-07
-5.230621e-08
-3.847764e-09
2.535544e-07
-2.007561e-07
4.205527e-07
3.625790e-07
1.977684e-07
2.525114e-07
3.365562e-08
1.735474e-07
-2.505490e-07
-2.710916e-08
1.877977e-07
-2.621237e-07
1.816629e-07
4.428897e-06
-6.466537e-08
1.627708e-07
1.967906e-07
1.954015e-08
1.115947e-07
1.673709e-07
8.071502e-08
2.534637e-07
-1.422645e-07
7.507105e-07
2.959208e-07
5.382204e-07
9.839701e-07
1.747331e-06
1.507906e-06
2.565042e-07
7.264022e-07
7.487610e-07
1.555067e-07
1.995862e-07
7.671501e-07
1.197471e-06
2.189587e-07
3.444851e-07
5.805775e-07
2.031909e-07
-6.282442e-07
8.573802e-07
-6.648211e-09
8.429924e-07
-3.556203e-07
2.268654e-07
7.387424e-07
-1.393851e-08
1.090396e-07
3.626975e-07
1.435449e-07
1.428367e-08
-1.971506e-08
1.854462e-07
5.579542e-08
2.039607e-07
4.867942e-07
1.874053e-07
2.962838e-07
7.480029e-07
4.715339e-07
2.845221e-07
5.329135e-07
3.931345e-07
4.605785e-07
2.918193e-07
3.738121e-07
5.638801e-07
3.717828e-07
4.564374e-07
3.875811e-07
-4.758095e-08
4.095237e-07
1.024551e-07
2.915732e-07
6.979971e-08
3.299021e-07
1.607798e-07
1.716174e-07
1.143588e-07
-1.861959e-08
3.262339e-07
7.613891e-08
-6.466537e-08
3.929830e-06
1.755024e-07
1.626341e-07
-9.623843e-08
1.136664e-07
4.980751e-07
1.998681e-07
6.626583e-07
2.255123e-07
6.546018e-07
6.383688e-07
2.621300e-07
4.939304e-07
-1.086851e-07
1.718082e-06
-4.151746e-07
7.570245e-07
3.626539e-07
1.155682e-06
6.081275e-07
2.057385e-07
-1.191434e-07
5.503683e-07
-4.299098e-07
5.061648e-07
-1.948755e-07
1.265838e-07
-7.426466e-07
-7.255292e-07
4.440912e-07
4.607583e-09
2.157125e-08
1.921036e-07
1.130795e-06
-1.712424e-07
7.421626e-07
4.219109e-07
7.574551e-07
8.776535e-08
1.866417e-07
8.573052e-09
5.951438e-07
7.141636e-07
2.409671e-07
1.118308e-07
4.367716e-07
4.615779e-07
1.470632e-07
5.489019e-07
5.157974e-07
1.736051e-07
5.277858e-07
1.725536e-07
5.285130e-07
2.833729e-07
3.513560e-07
3.626809e-07
2.078309e-07
9.407248e-08
3.341510e-07
2.588675e-07
2.876283e-07
1.758010e-07
2.261357e-07
1.158326e-07
4.443524e-08
1.950370e-08
1.217606e-07
1.332564e-07
1.627708e-07
1.755024e-07
3.822900e-06
1.589757e-07
8.294970e-08
8.909564e-09
1.800445e-07
1.615685e-07
2.258764e-07
2.988487e-07
1.828700e-07
-2.750226e-08
7.803427e-07
6.622899e-07
9.872295e-07
-1.133276e-06
-6.254512e-08
6.940813e-07
-3.477958e-07
6.701775e-07
5.590769e-07
9.953283e-07
1.829992e-07
3.396537e-07
3.316284e-08
3.150910e-07
2.563615e-07
-3.118757e-07
-1.878304e-07
9.338935e-07
8.418871e-07
-3.421299e-07
-4.251112e-07
2.534530e-07
-5.121983e-08
-5.848074e-07
5.830617e-08
1.473225e-07
6.095857e-07
1.699665e-07
3.799725e-07
1.007768e-07
5.891455e-08
8.484939e-09
1.407841e-07
2.070924e-07
3.348124e-07
5.894438e-07
1.851323e-07
4.749417e-07
5.381807e-07
1.662817e-07
6.280829e-07
2.688161e-07
2.990332e-07
2.327092e-07
5.819012e-07
4.231124e-07
4.164612e-07
1.893453e-07
-1.194873e-08
1.265428e-07
1.115515e-07
2.149086e-07
1.027112e-07
3.293951e-07
1.922037e-07
2.417682e-07
-1.394295e-07
-6.757217e-08
1.967906e-07
1.626341e-07
1.589757e-07
3.311664e-06
-5.095693e-08
1.784265e-07
9.103906e-08
6.764847e-08
3.260071e-07
-1.591185e-07
-1.035115e-08
5.676409e-07
7.489610e-07
2.291162e-07
-5.597881e-07
-6.054681e-07
1.960522e-07
2.067390e-07
4.817559e-07
4.372800e-07
9.815422e-09
4.373438e-07
-6.304368e-08
5.497019e-07
4.405497e-07
4.598340e-07
-4.134544e-07
-1.767396e-08
2.276543e-07
2.336518e-07
-1.037430e-07
3.780185e-07
2.552670e-07
3.014771e-07
4.266667e-07
4.895474e-07
2.912605e-07
2.843301e-07
5.718770e-07
1.021758e-08
2.221101e-07
5.366929e-07
-1.125846e-08
1.459170e-07
-8.647695e-08
2.666492e-07
5.923356e-07
1.036224e-07
6.429229e-07
1.124339e-07
2.427514e-07
5.622393e-07
2.648756e-07
5.186893e-07
4.889557e-07
3.911631e-07
4.945961e-07
2.580655e-07
1.859532e-07
3.111679e-07
2.313146e-07
3.449753e-07
2.252782e-07
4.040415e-07
1.328633e-07
2.820676e-07
2.760745e-07
2.504245e-07
2.681918e-07
3.844263e-07
1.954015e-08
-9.623843e-08
8.294970e-08
-5.095693e-08
2.943861e-06
6.972547e-08
-1.118670e-07
9.519641e-09
2.109760e-07
-1.552912e-07
1.022363e-07
5.006801e-07
-1.004813e-06
1.227489e-06
9.779386e-07
8.043258e-09
6.730603e-07
6.560518e-07
6.846073e-07
-5.988754e-07
-2.609320e-07
4.697345e-07
-4.436942e-07
4.111843e-07
9.252163e-07
1.151160e-07
-5.625133e-07
-1.628734e-07
1.228844e-07
8.377940e-07
-2.714297e-07
4.254428e-08
5.353492e-07
3.883274e-07
-5.713489e-08
1.285643e-07
8.074577e-08
6.724046e-09
9.658493e-08
-3.188113e-07
-6.744891e-08
4.737434e-07
1.806989e-07
4.176317e-07
1.728030e-07
4.182884e-07
2.503494e-07
4.790116e-07
4.846602e-07
5.099543e-07
3.591206e-07
2.258624e-07
2.732902e-07
4.404762e-07
4.106375e-07
5.213349e-07
3.274984e-07
4.137992e-07
5.402417e-07
4.576363e-07
3.310455e-07
4.977111e-07
2.409408e-07
3.911967e-07
2.170041e-07
3.954174e-07
3.289939e-07
5.706900e-07
2.549691e-07
2.355889e-08
1.115947e-07
1.136664e-07
8.909564e-09
1.784265e-07
6.972547e-08
2.770166e-06
2.422508e-07
-1.554328e-07
-1.452249e-07
2.846748e-07
-8.255955e-09
-2.167848e-07
1.345482e-07
-2.293568e-07
-6.482837e-07
-3.807551e-07
1.621686e-07
1.398088e-06
3.531944e-07
-4.723637e-07
-1.359274e-07
2.523534e-07
1.978740e-07
8.122226e-07
2.568756e-08
2.617406e-07
7.165387e-07
2.822425e-07
3.720728e-07
-6.793042e-07
-4.050449e-07
4.740152e-07
1.151355e-07
1.105277e-07
1.768342e-07
5.335188e-07
5.960689e-07
-7.841998e-08
3.856685e-08
4.855224e-07
4.036319e-07
1.731608e-07
1.673330e-07
1.832454e-07
-4.225421e-08
1.773370e-07
3.215332e-07
6.078994e-07
-4.543508e-09
4.074280e-07
6.695702e-07
6.113135e-07
2.159632e-07
-4.013459e-08
3.757576e-07
4.566285e-07
7.297840e-07
4.735938e-07
1.022074e-07
4.778049e-07
4.288632e-07
5.104366e-07
6.821045e-07
4.919228e-07
4.893715e-07
3.860213e-07
5.835915e-07
5.066239e-07
2.247812e-07
5.710120e-08
1.673709e-07
4.980751e-07
1.800445e-07
9.103906e-08
-1.118670e-07
2.422508e-07
3.084984e-06
-1.401187e-07
-1.437168e-07
-6.865027e-07
-5.907967e-07
-3.912300e-07
-4.352118e-08
-2.930564e-07
-7.989100e-09
7.261610e-07
5.523611e-07
-4.490042e-07
-4.834331e-07
1.777391e-06
1.147153e-06
1.090224e-06
2.603849e-07
-4.822397e-07
-4.235145e-07
-8.466256e-07
-2.607231e-07
4.664361e-07
-3.167522e-08
4.989520e-07
-1.080847e-07
6.374259e-07
6.773136e-07
-1.442585e-07
8.307189e-07
6.057983e-08
4.359672e-07
6.414255e-07
1.176202e-07
1.607747e-07
-5.024784e-08
5.533528e-08
3.453118e-07
8.001645e-07
-7.489712e-09
2.717650e-07
6.867949e-07
7.839319e-08
2.720073e-07
9.597066e-08
2.934173e-07
-8.257302e-09
5.355869e-07
2.763109e-07
4.562684e-07
3.689497e-07
3.537503e-07
5.937637e-07
8.131642e-07
4.025929e-07
3.940140e-07
3.932815e-07
6.130769e-07
6.577345e-07
5.811078e-07
8.752385e-07
-1.217949e-07
7.082226e-07
5.533963e-07
5.781703e-07
8.071502e-08
1.998681e-07
1.615685e-07
6.764847e-08
9.519641e-09
-1.554328e-07
-1.401187e-07
7.020770e-06
-1.714429e-07
6.510163e-07
-1.377722e-07
-2.595069e-06
4.612149e-07
-3.763438e-07
-1.576118e-06
1.863885e-07
-8.539898e-08
1.098071e-06
1.140164e-06
3.126959e-07
-1.185741e-06
-1.488465e-06
-3.260079e-07
3.387083e-07
-5.451992e-07
-4.939940e-07
1.975945e-06
-2.096750e-07
4.326547e-07
7.768821e-07
2.913216e-07
2.942575e-07
-3.167340e-07
1.328297e-06
2.929387e-07
1.719013e-06
6.813766e-07
-1.931643e-07
4.012130e-08
-3.998014e-07
1.649574e-06
-3.304158e-07
4.267413e-07
1.973993e-07
-1.924084e-07
3.134680e-07
-2.281719e-07
3.745255e-07
6.467695e-07
4.401463e-08
-3.317613e-07
-2.998847e-07
5.392243e-07
6.188291e-07
-1.394974e-08
1.157207e-07
9.762655e-08
-5.167995e-08
7.298073e-07
6.763276e-07
9.360838e-07
1.596906e-07
3.250746e-07
6.527155e-07
7.033925e-07
6.797915e-07
6.741098e-07
3.447010e-07
4.757722e-07
5.997421e-07
2.534637e-07
6.626583e-07
2.258764e-07
3.260071e-07
2.109760e-07
-1.452249e-07
-1.437168e-07
-1.714429e-07
1.335775e-05
-1.369081e-06
-1.171226e-06
3.844943e-07
-1.393991e-06
-2.168447e-06
-2.692873e-06
-4.342070e-06
-1.847707e-06
1.421653e-06
1.132840e-06
-1.231694e-06
-1.830821e-07
1.199476e-06
6.158532e-07
3.654715e-07
6.111719e-07
4.874495e-07
1.115591e-07
1.178138e-06
-1.450689e-06
3.079908e-07
1.182240e-06
2.638691e-07
-7.288976e-08
4.066932e-07
-4.299516e-07
1.055845e-06
1.441513e-06
-8.997786e-07
1.611629e-06
-3.078577e-07
1.137341e-06
-4.449799e-07
-4.261590e-08
1.059454e-06
-3.187906e-07
8.486326e-07
-2.690675e-07
3.689573e-07
9.665867e-07
6.043098e-07
-2.636074e-07
5.474288e-07
-4.947924e-07
-1.120250e-07
-5.886034e-07
3.152324e-07
1.023580e-07
3.373348e-07
4.920536e-07
1.721013e-07
6.114133e-07
-7.753789e-09
1.311942e-06
4.886809e-07
1.067135e-06
4.825363e-07
2.898778e-07
5.919988e-07
1.218973e-06
5.982412e-07
-1.422645e-07
2.255123e-07
2.988487e-07
-1.591185e-07
-1.552912e-07
2.846748e-07
-6.865027e-07
6.510163e-07
-1.369081e-06
2.170029e-05
-1.770074e-06
-1.400789e-06
-3.172928e-06
-1.401411e-06
-1.302439e-06
-2.592062e-06
1.714768e-06
1.196846e-06
-8.019460e-07
2.120209e-06
7.708038e-07
2.515977e-06
-5.280896e-07
2.074735e-06
-6.560723e-07
-4.891510e-07
6.217095e-07
7.402774e-07
-7.183429e-07
3.069067e-07
1.463827e-07
1.019959e-06
-6.822159e-08
-2.284986e-06
-2.652650e-07
-1.225548e-06
-1.035546e-08
1.862697e-06
-1.657806e-07
1.917918e-07
-1.228110e-06
2.229794e-07
1.777660e-06
-8.792822e-07
-1.084494e-06
3.228532e-07
-2.887548e-07
-3.145741e-07
3.790646e-07
-1.319469e-07
-5.789037e-08
3.779039e-07
8.732291e-07
-5.214328e-08
2.496497e-07
6.171583e-07
7.732944e-07
4.317820e-07
4.543038e-07
-4.069525e-07
-7.733141e-08
4.489585e-07
7.231073e-07
7.816848e-08
1.279856e-06
8.103460e-07
-3.111387e-07
9.737902e-07
9.053021e-07
4.994466e-07
7.507105e-07
6.546018e-07
1.828700e-07
-1.035115e-08
1.022363e-07
-8.255955e-09
-5.907967e-07
-1.377722e-07
-1.171226e-06
-1.770074e-06
3.196971e-05
-1.280322e-07
-1.830124e-06
-3.501166e-06
-3.196228e-06
-7.079362e-06
-2.785638e-06
1.206725e-06
8.051913e-07
-2.394022e-06
-4.361998e-07
1.140472e-06
3.504198e-06
1.565925e-06
-3.343092e-08
-1.574817e-06
4.257466e-07
7.672914e-07
-2.013017e-06
-2.122001e-06
1.195557e-06
-4.979322e-07
-3.521304e-07
-4.125611e-07
1.999111e-06
1.174836e-06
-7.795062e-07
1.152176e-06
1.637416e-06
1.585501e-06
8.305205e-07
-3.329444e-07
-9.213334e-07
1.515884e-07
-1.440057e-07
3.358543e-07
9.394791e-07
2.003367e-07
-6.444217e-07
1.340839e-07
2.245703e-07
-5.558959e-07
-4.841588e-07
1.033517e-07
1.829821e-07
2.234487e-07
4.350383e-07
-1.270537e-06
3.965530e-07
-1.595218e-07
2.880061e-07
6.016525e-07
3.537256e-07
1.416219e-06
6.603845e-08
1.802405e-06
1.613740e-06
3.252041e-07
2.016730e-08
7.823592e-07
2.959208e-07
6.383688e-07
-2.750226e-08
5.676409e-07
5.006801e-07
-2.167848e-07
-3.912300e-07
-2.595069e-06
3.844943e-07
-1.400789e-06
-1.280322e-07
3.639300e-05
-3.610721e-06
-5.046806e-07
-1.342928e-06
-2.171706e-06
3.150494e-06
-4.944353e-07
-7.938740e-07
-6.011996e-07
-9.758700e-07
2.461520e-06
1.183409e-06
-1.472727e-06
-1.885853e-06
7.815980e-07
-1.266471e-06
-2.352997e-06
1.538714e-06
1.166762e-06
1.381510e-07
-1.135297e-07
9.182216e-07
2.236739e-06
1.619201e-06
1.064318e-07
-4.321922e-07
1.310034e-06
2.155178e-08
1.275608e-07
-5.606384e-07
-5.708439e-07
-7.181628e-07
-1.114366e-06
1.805991e-07
-9.121822e-08
-2.523757e-07
1.291979e-06
5.690272e-07
-8.650406e-08
9.632474e-07
9.444567e-07
-3.571707e-07
-1.703079e-06
8.351766e-07
1.769226e-07
-6.987392e-07
6.227264e-07
-1.064231e-07
1.958397e-07
-6.263118e-07
6.068476e-07
1.373714e-06
1.348545e-06
1.189510e-06
-1.309534e-07
1.101788e-06
1.578470e-07
5.481550e-07
1.615906e-06
5.382204e-07
2.621300e-07
7.803427e-07
7.489610e-07
-1.004813e-06
1.345482e-07
-4.352118e-08
4.612149e-07
-1.393991e-06
-3.172928e-06
-1.830124e-06
-3.610721e-06
5.682501e-05
-5.493382e-06
4.436565e-07
-6.429607e-06
-2.208779e-06
-1.185657e-06
3.560400e-06
-6.209095e-07
-7.398712e-07
-2.832514e-06
1.303788e-06
-5.042378e-06
4.274277e-07
3.336420e-07
1.156357e-06
-1.132469e-06
4.567459e-06
1.122828e-06
-5.243026e-07
1.759642e-06
2.406925e-06
3.566841e-06
-1.469808e-06
-1.996779e-06
1.607883e-06
2.739217e-06
6.175129e-07
7.533133e-07
-2.891090e-06
6.714392e-07
-1.349231e-07
3.767257e-07
1.397651e-06
1.223677e-06
8.613425e-07
3.646816e-07
2.090487e-07
-1.390432e-08
-1.079069e-06
6.730264e-07
-5.981937e-07
1.663055e-08
1.359497e-06
1.187563e-06
1.064962e-07
-9.318715e-07
-2.835100e-07
5.936343e-07
1.765865e-06
5.580061e-07
-1.166334e-06
3.269399e-07
7.648782e-07
4.521526e-08
1.508204e-06
1.838606e-06
4.890779e-07
1.230631e-06
9.839701e-07
4.939304e-07
6.622899e-07
2.291162e-07
1.227489e-06
-2.293568e-07
-2.930564e-07
-3.763438e-07
-2.168447e-06
-1.401411e-06
-3.501166e-06
-5.046806e-07
-5.493382e-06
6.457414e-05
-6.083547e-06
-1.550840e-06
-1.515844e-06
1.903744e-06
3.519744e-06
4.546953e-06
3.906505e-07
6.782279e-07
-1.450982e-07
9.900853e-07
5.363588e-07
2.047209e-06
-1.684372e-06
-1.629057e-06
2.369426e-07
2.794956e-06
2.781677e-06
-6.464790e-07
-1.310867e-06
9.651282e-07
1.323839e-06
5.969610e-07
-7.940294e-07
2.185013e-06
2.462520e-06
1.440042e-07
-2.534112e-06
4.554734e-07
6.111271e-07
4.620151e-07
8.191314e-07
-1.131163e-06
8.240602e-07
-8.948180e-08
-2.986719e-07
-1.750971e-06
1.445585e-06
1.889281e-06
-1.403651e-06
-1.420179e-06
8.372954e-07
-2.323816e-07
-2.116655e-07
1.152925e-06
1.044150e-06
-6.642745e-07
1.791425e-06
3.760421e-07
4.796092e-07
3.829301e-07
4.978651e-07
2.297296e-06
4.839917e-07
8.327573e-07
-1.352767e-07
1.143159e-06
1.747331e-06
-1.086851e-07
9.872295e-07
-5.597881e-07
9.779386e-07
-6.482837e-07
-7.989100e-09
-1.576118e-06
-2.692873e-06
-1.302439e-06
-3.196228e-06
-1.342928e-06
4.436565e-07
-6.083547e-06
8.117920e-05
-1.268981e-05
-2.284691e-06
-9.968966e-07
-8.394689e-07
4.239360e-06
-2.126912e-06
-1.323435e-06
-2.535202e-06
-6.663386e-07
3.096783e-06
1.190240e-06
3.470533e-06
3.423527e-06
-3.607318e-07
-3.483048e-06
1.655827e-06
-8.255778e-07
2.158335e-06
-1.276380e-06
3.099638e-06
1.920720e-06
6.111784e-07
-3.417472e-07
3.683962e-06
-1.059970e-06
2.831400e-06
1.403886e-07
-3.179279e-06
3.538906e-07
1.599267e-06
-1.333775e-06
-1.351461e-07
-1.161449e-07
8.148373e-08
7.135338e-07
7.743666e-07
-6.568555e-07
-4.234469e-07
1.439125e-07
2.200738e-07
-1.000938e-06
-2.079248e-06
6.712514e-07
-6.688101e-07
9.132614e-07
9.401924e-07
1.613852e-06
1.126798e-06
3.102561e-07
1.694051e-06
-4.527726e-08
6.289966e-07
1.251009e-06
1.161289e-06
3.731437e-07
1.507906e-06
1.718082e-06
-1.133276e-06
-6.054681e-07
8.043258e-09
-3.807551e-07
7.261610e-07
1.863885e-07
-4.342070e-06
-2.592062e-06
-7.079362e-06
-2.171706e-06
-6.429607e-06
-1.550840e-06
-1.268981e-05
1.005970e-04
