1147.95
1120.68
1260.31
1416.27
1371.08
1413.91
1557.98
1652.54
1716.94
1875.36
1973.74
2103.66
2217.41
2436.96
2642.5
2798.16
3108.24
3316.8
3684.9
4117.36
4334.23
4834.45
5355.58
5885.17
6430.95
7368.51
8324.56
9264.64
10556.2
11645.7
13426.6
14643.5
15991.7
17852.5
19249.5
20885.4
21864.8
23333.5
24242.4
26038.1
26661.9
27959.7
28997.8
30561.5
31187
32426.8
33784.7
35183.7
36460.8
38370.6
40093.9
41651
44271.9
45966.2
49441.8
53740.3
58432.7
65879
76368.1
87875.6
76253.4
37030.8
17554.1
10033.6
6790.13
4756.61
3523.06
2840.94
2238.78
1865.66
