1219.087746 
1224.992111 
1428.579659 
1525.525933 
1457.103894 
1548.894732 
1543.140879 
1703.538418 
1769.907293 
1982.922357 
2038.786210 
2119.268302 
2425.387492 
2511.910346 
2491.913686 
2841.669657 
3022.262558 
3452.995015 
3820.990487 
4110.354842 
4223.408124 
5010.375063 
5290.907418 
5632.363193 
6418.072119 
7266.507852 
8639.339321 
9073.929289 
10727.861288 
11567.239618 
13278.340663 
14387.496657 
16215.997587 
17859.031728 
18982.712587 
20853.894593 
21997.126912 
22904.793481 
23838.990797 
25840.566694 
26588.520748 
28123.621509 
29175.270264 
30756.759678 
30906.668526 
32139.510559 
34077.720650 
34894.880446 
36627.737623 
38666.312557 
40334.677232 
41873.834842 
44714.157927 
46275.421298 
49740.194960 
53947.859917 
58939.362372 
66516.066641 
76904.334277 
88558.092161 
72725.117633 
34222.503268 
16373.799664 
9391.786492 
6438.226575 
4705.863339 
3400.195177 
2716.039336 
2087.536080 
1797.741647 
