14969.227786 
6570.534357 
6136.586777 
7040.123817 
6498.164678 
6340.446445 
5363.146269 
5878.752779 
5906.721246 
5009.177699 
4668.716499 
3393.377159 
4396.912967 
3322.198705 
3658.337117 
4532.290650 
2752.941673 
3373.447832 
1739.455657 
1429.078004 
1365.447839 
121.277960 
713.942098 
715.215233 
-1689.761084 
-3620.525377 
-536.079563 
-2110.487354 
-2339.758199 
-8717.531955 
-7718.557550 
-9198.732231 
-8966.377510 
-6839.810287 
-9009.505291 
-13097.101669 
-11606.689270 
-13734.216581 
-13124.783910 
-10461.720694 
-12051.888697 
-12916.741914 
-5321.080146 
-6155.153570 
-3643.987436 
-5261.928481 
-4106.810242 
1749.542089 
-1874.410476 
-1960.947381 
1747.895532 
6056.822887 
5257.241464 
3895.752532 
5248.159842 
3988.408697 
8955.248021 
8110.921888 
10864.610959 
11334.036336 
9150.374150 
3189.439422 
-74.623821 
505.483501 
-1497.551092 
437.584353 
-865.373949 
50.447083 
-1034.081818 
-486.979731 
6570.534357 
14687.879594 
4817.063283 
5883.403040 
6823.500828 
5702.970981 
3842.885840 
4176.286225 
5087.603127 
5075.694109 
2958.983984 
4534.272104 
2914.465862 
4250.091004 
2448.085162 
4254.595709 
3265.314140 
2640.967556 
1734.866000 
1199.364612 
2358.749356 
1207.931733 
-498.037141 
348.973076 
-1980.325431 
-2361.180278 
-2364.427947 
-1698.775517 
-3681.709286 
-9092.518138 
-6504.082479 
-5584.624122 
-10969.621793 
-5154.307051 
-8980.485382 
-13050.432801 
-8354.100453 
-9452.917345 
-11066.704224 
-9583.821928 
-8916.127838 
-9924.713275 
-8045.622054 
-9178.904695 
-2666.779767 
-4663.682309 
-4579.733924 
82.945805 
-2027.364532 
-2527.676787 
1475.232089 
4933.488316 
1403.845718 
4923.425076 
4733.092880 
3905.852589 
5071.777658 
4804.138604 
10330.977691 
10717.827467 
5203.254219 
4059.699531 
-46.416935 
-368.250856 
-1316.775448 
-160.949920 
-104.292662 
50.650569 
-1102.438451 
-448.087441 
6136.586777 
4817.063283 
15228.250864 
5829.877136 
6046.851333 
6339.686828 
4532.960620 
6984.705647 
5065.351272 
5174.585338 
3826.965285 
3904.704517 
4241.768317 
4268.953092 
2710.998787 
4502.213891 
2775.195487 
3193.763472 
2166.724030 
1731.994198 
-128.952514 
-88.749565 
-1063.000301 
-96.959867 
715.518495 
-1429.546964 
1361.398188 
-876.096515 
-2746.036305 
-6073.706799 
-6004.864567 
-7493.694111 
-9177.188151 
-5870.386388 
-10448.802485 
-13407.242727 
-10706.389827 
-10457.947182 
-13569.262865 
-7339.485007 
-8353.154390 
-9436.350148 
-8596.094261 
-8466.740738 
-4699.905915 
-4097.364751 
-4997.805367 
-1945.503841 
-4090.992929 
-1618.732032 
-1481.622114 
3548.737154 
2299.482507 
7715.727095 
2095.899811 
1786.135420 
6779.501298 
9005.243507 
9090.284531 
10327.521042 
9824.648824 
4873.078945 
-311.409114 
-236.997704 
-475.211111 
95.881505 
112.571766 
-318.216426 
-1141.842980 
-118.033471 
7040.123817 
5883.403040 
5829.877136 
16708.699997 
5813.429412 
6253.307121 
4890.903720 
3454.895945 
6111.428828 
3410.344534 
4864.544550 
3829.087349 
5564.026348 
4107.884818 
3051.647601 
4096.804100 
3793.005776 
2983.071047 
2473.444491 
1314.011284 
1759.275282 
1922.431184 
953.216459 
2831.307433 
-261.135707 
-880.096874 
-326.312958 
-1010.985567 
-671.989900 
-7714.359916 
-5555.100989 
-6481.279266 
-6728.500390 
-10650.894350 
-10883.195468 
-12431.672138 
-12083.502175 
-12602.691682 
-10046.033508 
-9739.567973 
-9115.818704 
-12735.452362 
-7962.339821 
-10464.873952 
-7617.999226 
-5072.098629 
-5509.862015 
-7717.811876 
-4662.029602 
-3957.294985 
271.891408 
5796.743311 
-1531.027415 
4755.495938 
4627.347412 
4130.638749 
5291.718374 
5484.601325 
11232.069995 
17893.676386 
15382.183610 
2669.756834 
1241.232242 
2037.713814 
-1159.209455 
1230.970892 
190.581383 
-236.444968 
-1547.857536 
-860.138375 
6498.164678 
6823.500828 
6046.851333 
5813.429412 
19322.038063 
5847.369151 
4935.809835 
5085.139328 
6016.968539 
3682.609219 
2981.191367 
5917.211719 
4023.862945 
4709.117029 
2137.221484 
5052.254008 
4276.095676 
5455.416540 
2435.741272 
1127.449044 
2944.404652 
2577.188105 
617.824297 
675.177712 
-1566.501075 
-1312.696503 
74.051172 
3.069021 
-2823.917049 
-5400.801767 
-7326.024669 
-5602.245949 
-8744.066626 
-5771.151003 
-10635.089804 
-10137.423142 
-13795.965657 
-11089.037345 
-12817.750196 
-7142.439981 
-8823.374068 
-8535.265993 
-10444.021080 
-8537.698090 
-6543.191580 
-7777.244294 
-7411.838611 
-4416.547974 
-4857.874718 
-5352.729608 
-2552.926290 
3986.067420 
-107.134256 
6515.272192 
1282.436266 
1698.043914 
4992.948637 
5885.683235 
10895.021092 
15380.247612 
13363.973258 
3429.487161 
3776.712746 
1184.264576 
-96.276683 
1080.113037 
648.547889 
218.706039 
-418.159889 
572.955815 
6340.446445 
5702.970981 
6339.686828 
6253.307121 
5847.369151 
17696.475636 
3596.611904 
4054.654063 
5668.751021 
3786.507218 
3855.676038 
5731.195059 
5172.468833 
5032.207743 
2272.124179 
3853.444399 
3203.179519 
3061.393243 
2113.989637 
874.690239 
397.072362 
664.673070 
964.615507 
1566.973736 
1702.202297 
-3143.033250 
-1237.557439 
-840.677829 
-826.004480 
-4788.267083 
-3717.879370 
-8530.399857 
-8849.972872 
-6515.928715 
-9611.649145 
-13310.408345 
-7694.273348 
-12259.722244 
-14923.199603 
-8734.076724 
-12104.349699 
-14241.466989 
-10799.798571 
-9340.577328 
-4189.040348 
-8998.961886 
-7108.392960 
-973.350721 
-4428.532393 
-5866.118772 
-1470.522814 
4562.918386 
3985.562901 
8165.034655 
3816.121167 
2207.890357 
8123.902399 
4957.394761 
10032.242527 
14032.249728 
13141.411259 
3211.955113 
2575.484745 
-38.060559 
-999.539178 
-20.270243 
-413.222248 
471.757263 
-547.017313 
-178.961281 
5363.146269 
3842.885840 
4532.960620 
4890.903720 
4935.809835 
3596.611904 
14957.963707 
6212.035226 
4184.940074 
4307.417958 
4181.346828 
5435.097250 
4280.975280 
2597.663516 
3947.521733 
4498.889844 
3450.846921 
3797.377915 
2717.665531 
2088.967953 
-960.584804 
1156.401102 
1578.917597 
138.223284 
149.618315 
-1967.409697 
-375.051868 
-2732.480894 
-816.138561 
-4154.256686 
-5583.930994 
-7738.591907 
-7902.792635 
-7857.233587 
-9163.380908 
-11797.588103 
-9635.134176 
-11000.835506 
-11799.926342 
-9376.766524 
-9350.657266 
-7734.990196 
-5081.590052 
-8600.687954 
-5450.977718 
-3987.156696 
-8140.873245 
-2139.526461 
-5759.236395 
-1882.213295 
-1011.528934 
1025.457270 
1375.013311 
3190.026299 
3454.634114 
544.201428 
8022.410001 
7589.591681 
11721.145409 
17116.111774 
12148.242670 
4788.014556 
1754.515932 
778.681338 
411.360901 
-883.770941 
16.319900 
88.666731 
-440.655968 
148.347812 
5878.752779 
4176.286225 
6984.705647 
3454.895945 
5085.139328 
4054.654063 
6212.035226 
21146.672086 
3956.317853 
6662.115831 
6770.454255 
2643.374980 
2145.068201 
1877.721371 
3865.842546 
3949.231741 
3414.530378 
6004.749787 
1199.809334 
3226.097834 
2715.951023 
1987.829799 
346.253974 
403.500308 
-1682.162263 
107.121566 
-866.228626 
691.217589 
-2978.519609 
-954.668416 
-4398.540378 
-10622.042531 
-9097.781150 
-5106.283033 
-9602.240578 
-9345.001377 
-11384.958586 
-10474.068456 
-14235.302003 
-10901.925138 
-10969.765188 
-10268.998990 
-9656.962622 
-8757.821630 
-11253.030880 
-7101.168210 
-8834.364758 
-4361.309511 
-5725.152919 
723.208502 
709.575592 
1769.572602 
1893.182467 
6683.548971 
627.710200 
1513.464997 
5866.130550 
8123.020247 
8146.365049 
14599.831177 
8585.557978 
8148.953316 
1256.953755 
123.743742 
-385.845385 
-425.962448 
700.699503 
1338.741579 
-368.570974 
249.601553 
5906.721246 
5087.603127 
5065.351272 
6111.428828 
6016.968539 
5668.751021 
4184.940074 
3956.317853 
21467.170299 
4000.031531 
2663.680253 
5356.479397 
5053.321502 
5968.549841 
3435.654118 
5595.291477 
3411.633719 
6075.559745 
3005.409520 
3403.388602 
691.378388 
3175.362474 
1466.114149 
648.285776 
-1106.246276 
-1941.187610 
-2594.565555 
-449.571803 
-3371.067431 
-5032.778535 
-3779.412671 
-5047.940335 
-6892.051018 
-5254.922856 
-9788.751777 
-7872.335885 
-8182.580219 
-10158.498028 
-9285.594249 
-10450.444276 
-7572.076554 
-13919.205539 
-7871.229773 
-9409.067188 
-8206.423292 
-5566.281053 
-6503.141898 
-8092.856220 
-1031.113346 
-8619.837722 
327.463451 
401.279327 
-437.891354 
797.488403 
-2631.588951 
-103.020231 
8972.220798 
6658.414609 
7194.550323 
8781.348703 
14835.377879 
7278.747869 
3036.351543 
988.961001 
921.579550 
1341.203311 
686.327525 
88.778120 
-350.309172 
-236.910550 
5009.177699 
5075.694109 
5174.585338 
3410.344534 
3682.609219 
3786.507218 
4307.417958 
6662.115831 
4000.031531 
16728.900903 
4970.520595 
3823.399403 
2474.363839 
3981.905725 
3432.059266 
4149.009837 
4066.964917 
4351.021583 
3493.759603 
3347.144426 
2354.281053 
2987.817292 
634.478374 
2849.648895 
1389.825352 
2039.579786 
838.389436 
1083.534648 
-853.815123 
-2404.481736 
-3954.724113 
-6412.101827 
-8554.605937 
-4225.827137 
-6812.844870 
-8938.170017 
-5432.485802 
-9398.090434 
-11207.201678 
-11250.987501 
-10533.286762 
-11205.758023 
-11723.119651 
-10689.604891 
-7973.181146 
-7638.158561 
-8058.184719 
-2983.606985 
-6250.088616 
-5199.233552 
-4207.101381 
-2398.371326 
-1798.696380 
7.929753 
-4989.490479 
-1130.773992 
3566.856218 
6330.990478 
8524.981755 
16467.518583 
13467.637146 
10297.935445 
3513.050757 
1551.238520 
1639.992079 
1794.431174 
809.015924 
1046.109319 
210.044397 
415.306826 
4668.716499 
2958.983984 
3826.965285 
4864.544550 
2981.191367 
3855.676038 
4181.346828 
6770.454255 
2663.680253 
4970.520595 
16235.881008 
2516.028525 
1869.306113 
1561.832547 
2922.097906 
2852.303744 
2680.355625 
3577.603848 
2022.177393 
4244.846800 
4479.878038 
3832.548116 
2781.771301 
1968.143349 
644.803575 
2820.593671 
-1889.915057 
2802.832609 
266.465798 
-445.991859 
-3695.559652 
-7802.989562 
-8912.465569 
-8421.028095 
-8134.924097 
-9789.264562 
-8456.858159 
-10862.513294 
-9773.455137 
-9920.589108 
-12015.484513 
-8537.449502 
-10800.132811 
-10556.138665 
-6570.558779 
-8255.516793 
-6997.125802 
-7221.769560 
-5805.095966 
-5121.034268 
-4970.393543 
-1713.715826 
1984.115350 
2960.697782 
1277.782180 
3375.507784 
5756.174428 
8144.041422 
13518.638635 
21259.272501 
11185.030091 
7707.525182 
121.111384 
839.571625 
293.942208 
665.901893 
783.342710 
241.423209 
-16.078234 
-618.904411 
3393.377159 
4534.272104 
3904.704517 
3829.087349 
5917.211719 
5731.195059 
5435.097250 
2643.374980 
5356.479397 
3823.399403 
2516.028525 
22223.710870 
5196.422593 
4799.927796 
1680.958848 
6214.308086 
5215.193251 
3159.619733 
6578.937489 
2784.078213 
1590.892499 
3988.417246 
2623.288747 
1097.005300 
5144.497864 
-1488.894554 
-738.907831 
1343.823700 
1483.240922 
-3663.039616 
-1675.837914 
-3101.810090 
-10379.752988 
-7513.815961 
-10047.780485 
-8783.336881 
-8451.740171 
-10005.073525 
-11290.391598 
-7664.889620 
-9220.439635 
-12654.905080 
-11556.617871 
-14009.554649 
-6372.044642 
-8890.775853 
-13132.777088 
-10535.762363 
-11996.652023 
-10800.012000 
-5019.032352 
-2171.645392 
-7042.198756 
4752.726205 
-3337.878640 
5512.204815 
4926.233979 
10524.283101 
13348.315043 
21883.310610 
17530.153961 
7619.017674 
4975.332881 
2124.104661 
1991.296987 
765.210691 
1890.067506 
1074.253055 
1000.883983 
130.244044 
4396.912967 
2914.465862 
4241.768317 
5564.026348 
4023.862945 
5172.468833 
4280.975280 
2145.068201 
5053.321502 
2474.363839 
1869.306113 
5196.422593 
18277.348217 
3069.064171 
2713.478955 
4831.775294 
1902.940495 
3161.570368 
4734.382572 
1493.897169 
36.506564 
1870.996840 
3022.491572 
2579.323294 
2087.025292 
-417.899183 
396.093741 
-619.490707 
2084.000597 
-3875.509270 
-4150.029539 
-5465.992483 
-4708.350822 
-4576.691014 
-9245.073584 
-8603.073748 
-10600.847581 
-10617.738702 
-8583.594455 
-8763.800911 
-6508.284269 
-10948.647795 
-12493.936168 
-10823.253034 
-1649.412056 
-4718.355741 
-8816.289650 
-4457.027094 
-6783.028167 
-9711.150898 
-5114.502048 
3033.172128 
1232.755527 
2267.567517 
981.425460 
-1216.796785 
9039.957412 
9144.333639 
8979.512456 
15184.009589 
13428.871830 
6359.742172 
2422.424562 
2567.180578 
1241.497397 
1885.908394 
-6.026034 
-1087.005686 
-169.251998 
125.388411 
3322.198705 
4250.091004 
4268.953092 
4107.884818 
4709.117029 
5032.207743 
2597.663516 
1877.721371 
5968.549841 
3981.905725 
1561.832547 
4799.927796 
3069.064171 
20105.621307 
1988.377030 
6295.473992 
3096.799377 
4419.224267 
3662.820186 
3567.128971 
3603.734014 
1884.911219 
2896.748640 
1805.537163 
5650.435397 
2217.084721 
-1958.817618 
3521.622545 
-742.236591 
-2981.347353 
-1480.475678 
-3022.718462 
-9509.274722 
-3498.098845 
-6636.537159 
-9157.407592 
-6172.178240 
-8085.969118 
-11247.039478 
-5681.512942 
-12527.820777 
-10662.473181 
-9198.724123 
-10657.902025 
-10095.936302 
-9353.659958 
-9015.045666 
-8912.039031 
-8272.300404 
-10998.737314 
-3274.606348 
-935.061331 
-2711.771633 
-229.958344 
-2555.305219 
1035.671980 
8652.894475 
1793.440247 
9289.768133 
10185.250471 
21060.126548 
7126.266844 
2804.062732 
1791.620377 
2265.063718 
2758.688053 
921.464084 
536.758855 
61.840453 
889.075784 
3658.337117 
2448.085162 
2710.998787 
3051.647601 
2137.221484 
2272.124179 
3947.521733 
3865.842546 
3435.654118 
3432.059266 
2922.097906 
1680.958848 
2713.478955 
1988.377030 
16892.156524 
6152.833597 
2765.388969 
3011.535103 
1379.489424 
2507.633441 
1116.073458 
2652.677201 
5053.221955 
3525.499810 
3007.053697 
2372.525266 
331.101344 
-1192.407166 
-287.753017 
745.532095 
-2669.027375 
-3889.082348 
-3329.445365 
937.063846 
-4717.946202 
-3422.686694 
-6688.149344 
-8060.785462 
-6172.298920 
-5045.281285 
-6449.481625 
-12607.557296 
-6310.427701 
-10981.724455 
-5766.082965 
-8617.086681 
-7420.830651 
-6403.216147 
-3569.203003 
-6621.496687 
-3356.164733 
-4768.531505 
-2457.807452 
-5322.017689 
-1247.097570 
-3035.083134 
2033.670790 
567.638523 
8335.402604 
15444.876942 
14408.958146 
8152.208164 
2764.881669 
557.498568 
1266.181882 
625.473298 
801.631223 
692.169137 
-70.904366 
148.628008 
4532.290650 
4254.595709 
4502.213891 
4096.804100 
5052.254008 
3853.444399 
4498.889844 
3949.231741 
5595.291477 
4149.009837 
2852.303744 
6214.308086 
4831.775294 
6295.473992 
6152.833597 
24438.031256 
5705.973711 
3666.777607 
5117.769859 
4611.534742 
3096.955675 
3360.542789 
4350.006573 
3796.411904 
3351.145155 
2337.335018 
875.572654 
-1411.271974 
1046.817573 
917.704561 
-2314.272384 
-2313.353303 
-10491.916360 
-966.572646 
-8543.902742 
-9064.167119 
-14171.350325 
-7954.902830 
-10593.191525 
-9502.121838 
-10984.821251 
-10555.312613 
-14591.774362 
-14088.001200 
-12639.658651 
-15238.235567 
-12508.113412 
-8723.232916 
-9325.792957 
-11097.691352 
-6255.556123 
-4572.956711 
-5198.913628 
-5473.292770 
-4859.770471 
2571.472762 
6610.367263 
10282.217286 
11261.694799 
21036.274660 
17468.127819 
9705.326152 
5190.187493 
2658.206758 
2222.135580 
2218.490225 
1529.292612 
597.771332 
1183.980211 
1099.948897 
2752.941673 
3265.314140 
2775.195487 
3793.005776 
4276.095676 
3203.179519 
3450.846921 
3414.530378 
3411.633719 
4066.964917 
2680.355625 
5215.193251 
1902.940495 
3096.799377 
2765.388969 
5705.973711 
19428.596320 
2635.280856 
4333.259873 
3732.435242 
3603.690855 
4362.617657 
4458.185264 
1445.867329 
2440.152002 
3092.217770 
1380.443028 
1130.518109 
1695.277467 
1236.890970 
-2906.309034 
-2321.450350 
-4975.857758 
-3807.552293 
-5746.760639 
-7040.059355 
-4424.204612 
-6568.973199 
-8851.415113 
-9140.842488 
-8451.861591 
-8151.145200 
-9384.931630 
-10055.690492 
-11198.585294 
-8924.433616 
-11885.817315 
-6940.313608 
-8111.629486 
-8322.873912 
-6743.804659 
-2774.049706 
-7930.439753 
1651.874430 
-3502.992797 
310.337999 
2258.331214 
8183.139940 
7562.633239 
12618.425699 
16215.738400 
5756.892997 
4492.174781 
2603.975699 
1866.160656 
1518.469734 
948.518775 
386.118854 
978.581131 
238.506642 
3373.447832 
2640.967556 
3193.763472 
2983.071047 
5455.416540 
3061.393243 
3797.377915 
6004.749787 
6075.559745 
4351.021583 
3577.603848 
3159.619733 
3161.570368 
4419.224267 
3011.535103 
3666.777607 
2635.280856 
25746.849659 
5169.701800 
574.977923 
4418.797269 
3564.241484 
5106.326138 
3783.410415 
3694.121836 
6360.404656 
1789.622851 
3955.368894 
2000.220581 
1692.090004 
642.800129 
-6461.762022 
-4222.574965 
-2036.507751 
-4066.826897 
-3745.157096 
-10651.006017 
-9270.553544 
-12159.613517 
-7314.020027 
-9678.066720 
-15000.853437 
-14798.836133 
-9865.967554 
-9147.688764 
-8573.907950 
-13542.639197 
-9344.591562 
-9613.049612 
-12308.759768 
-11573.858298 
-7313.766196 
-3758.490254 
-1825.788799 
-2251.725863 
-6350.678253 
2773.384942 
5745.005875 
7581.685388 
15692.172092 
20472.202539 
11805.623648 
4058.953032 
2603.032711 
4697.227727 
2684.971414 
846.178547 
-104.829688 
761.358697 
1356.872193 
1739.455657 
1734.866000 
2166.724030 
2473.444491 
2435.741272 
2113.989637 
2717.665531 
1199.809334 
3005.409520 
3493.759603 
2022.177393 
6578.937489 
4734.382572 
3662.820186 
1379.489424 
5117.769859 
4333.259873 
5169.701800 
28367.486314 
4299.838338 
4763.450955 
7460.709756 
4181.601349 
1186.406098 
6482.561927 
3162.650291 
3427.026727 
4392.706485 
4333.932968 
-2154.493533 
1834.873611 
1573.073828 
-2966.834258 
-3762.794663 
-4050.081058 
-3559.693185 
-9527.229161 
-7999.044018 
-7821.788380 
-15715.332780 
-10056.098943 
-14184.771042 
-14337.151015 
-10714.163218 
-9887.253499 
-11499.440100 
-12111.730869 
-11799.316339 
-16107.723043 
-15501.871405 
-13835.249184 
-9576.244938 
-5477.777084 
57.044969 
-7674.386413 
330.447380 
-5087.882108 
11158.688718 
8125.570544 
22804.553014 
22424.493550 
8321.904700 
5707.172232 
4540.105336 
4535.097411 
1157.056289 
1039.670915 
1953.532321 
1194.926484 
142.087884 
1429.078004 
1199.364612 
1731.994198 
1314.011284 
1127.449044 
874.690239 
2088.967953 
3226.097834 
3403.388602 
3347.144426 
4244.846800 
2784.078213 
1493.897169 
3567.128971 
2507.633441 
4611.534742 
3732.435242 
574.977923 
4299.838338 
33833.882125 
6685.564735 
8770.307154 
11633.021721 
3789.019332 
2614.663867 
8095.927519 
46.061288 
6031.712242 
1255.123712 
1824.570374 
155.820641 
4407.610721 
-827.068613 
-933.736152 
3671.130664 
-2625.837868 
-150.076688 
-1031.254284 
-3817.923783 
-7940.814551 
-13931.139397 
-11175.535652 
-10561.062185 
-11560.837485 
-15786.620951 
-16789.671854 
-14905.042450 
-14262.204046 
-14062.998687 
-20912.344173 
-8466.364449 
-14682.638096 
-5635.626918 
-11196.452484 
-20754.539988 
-3314.278941 
903.480429 
11180.910018 
2664.166987 
18652.987798 
17615.427545 
13350.300317 
3845.084652 
2614.459011 
5966.615404 
2290.795729 
2321.133167 
3331.124847 
2298.332247 
893.374636 
1365.447839 
2358.749356 
-128.952514 
1759.275282 
2944.404652 
397.072362 
-960.584804 
2715.951023 
691.378388 
2354.281053 
4479.878038 
1590.892499 
36.506564 
3603.734014 
1116.073458 
3096.955675 
3603.690855 
4418.797269 
4763.450955 
6685.564735 
33950.272864 
5943.943756 
7426.068662 
5355.294554 
6615.038192 
10321.551585 
2397.465273 
9952.286897 
5855.993181 
6542.551425 
5275.835664 
4820.243932 
3510.621620 
2624.897961 
123.999728 
5433.812841 
-5821.908810 
-5808.929420 
194.537105 
-4664.009197 
-9941.942780 
-10667.441124 
-12968.575888 
-13954.892320 
-24083.536865 
-18987.714353 
-16378.260638 
-17724.794054 
-18106.376488 
-16067.823462 
-15130.096640 
-13151.535296 
-12381.153501 
-11647.349970 
-9901.725044 
-7509.985936 
-8099.115809 
2807.009304 
3967.284265 
19793.680004 
17670.125614 
13047.654716 
7944.802442 
3262.388327 
5609.041929 
4972.382601 
3224.037114 
2070.309631 
3072.635133 
2080.195321 
121.277960 
1207.931733 
-88.749565 
1922.431184 
2577.188105 
664.673070 
1156.401102 
1987.829799 
3175.362474 
2987.817292 
3832.548116 
3988.417246 
1870.996840 
1884.911219 
2652.677201 
3360.542789 
4362.617657 
3564.241484 
7460.709756 
8770.307154 
5943.943756 
31251.515937 
8788.339708 
3154.885258 
4733.273728 
8994.208620 
1239.721764 
7498.074616 
4580.829211 
8106.868627 
2508.185679 
3941.228684 
-454.026456 
3087.050435 
2774.930528 
1967.848219 
-3240.016694 
-2989.311120 
-6797.026503 
-8999.519684 
-9616.995085 
-9671.288493 
-16571.238057 
-11825.793884 
-13769.218004 
-16052.844264 
-18583.356280 
-15009.062141 
-13299.400677 
-19628.425443 
-18720.361556 
-12884.818294 
-13844.821171 
-9478.834980 
-13936.384915 
-5417.614688 
-5159.588704 
4283.372140 
6301.699134 
20769.918085 
24720.875357 
10897.390501 
9084.516672 
6049.767162 
3989.490103 
2762.501830 
2367.372473 
1233.921548 
1775.281963 
1465.039732 
713.942098 
-498.037141 
-1063.000301 
953.216459 
617.824297 
964.615507 
1578.917597 
346.253974 
1466.114149 
634.478374 
2781.771301 
2623.288747 
3022.491572 
2896.748640 
5053.221955 
4350.006573 
4458.185264 
5106.326138 
4181.601349 
11633.021721 
7426.068662 
8788.339708 
45752.635617 
6538.869381 
7100.642923 
6787.559392 
6067.111647 
6776.542835 
3676.320385 
8590.639742 
4347.335698 
4515.363389 
3935.350138 
5738.909801 
-1070.578279 
3475.640295 
74.534272 
-3876.828656 
-2507.802657 
-684.075718 
-12035.723424 
-7203.038923 
-8071.924575 
-12187.301944 
-12568.828805 
-14835.440226 
-21851.322837 
-18688.045105 
-16430.699494 
-27107.761291 
-18784.054717 
-18098.529602 
-14780.619068 
-19687.891607 
-19320.155159 
-6247.921908 
-10327.644842 
-3760.902646 
594.363302 
19232.093477 
25962.785223 
14267.806454 
8396.482802 
2198.051475 
6202.668431 
3057.399424 
3091.137413 
2233.757883 
1967.657789 
536.114735 
715.215233 
348.973076 
-96.959867 
2831.307433 
675.177712 
1566.973736 
138.223284 
403.500308 
648.285776 
2849.648895 
1968.143349 
1097.005300 
2579.323294 
1805.537163 
3525.499810 
3796.411904 
1445.867329 
3783.410415 
1186.406098 
3789.019332 
5355.294554 
3154.885258 
6538.869381 
30430.758633 
7711.015711 
8087.080750 
4793.975105 
6277.896597 
5325.142155 
8207.520197 
2821.478700 
-1186.887863 
7858.708888 
2288.369525 
3405.278413 
4249.716762 
-8052.199677 
-5152.131137 
-3835.067687 
-4326.460599 
-4760.865924 
-11296.789203 
-14957.756582 
-11733.641861 
-14439.632627 
-8904.203388 
-14148.816000 
-20070.657528 
-15805.880454 
-18330.948899 
-16466.065209 
-12311.771098 
-16503.433793 
-19092.843958 
-10777.962912 
-5971.278774 
-1096.246770 
1353.209061 
8032.419683 
24679.715112 
18797.153518 
14786.339531 
11606.405344 
6100.692771 
5855.166402 
3823.324679 
3499.990799 
2452.749657 
3065.047105 
2954.737609 
-1689.761084 
-1980.325431 
715.518495 
-261.135707 
-1566.501075 
1702.202297 
149.618315 
-1682.162263 
-1106.246276 
1389.825352 
644.803575 
5144.497864 
2087.025292 
5650.435397 
3007.053697 
3351.145155 
2440.152002 
3694.121836 
6482.561927 
2614.663867 
6615.038192 
4733.273728 
7100.642923 
7711.015711 
47584.010604 
9378.866113 
3353.225431 
9507.312846 
7404.603732 
8196.007750 
9310.472322 
3918.073343 
10183.715086 
4986.761046 
8508.085747 
3223.879363 
5911.203460 
-7422.323777 
-1979.448812 
-178.899710 
-8921.411123 
-9362.643589 
-14479.780989 
-12442.158733 
-11055.579385 
-17433.037146 
-16564.202244 
-16661.557835 
-17266.805620 
-26090.735915 
-23016.683316 
-23240.409049 
-15394.994936 
-16650.995879 
-12098.696455 
-9419.514587 
-7947.120600 
-3997.178712 
1704.639421 
22706.894725 
21429.333470 
15838.168755 
6206.127894 
3702.608415 
8886.722874 
4655.502421 
3920.647374 
5264.948503 
5075.456744 
1612.693135 
-3620.525377 
-2361.180278 
-1429.546964 
-880.096874 
-1312.696503 
-3143.033250 
-1967.409697 
107.121566 
-1941.187610 
2039.579786 
2820.593671 
-1488.894554 
-417.899183 
2217.084721 
2372.525266 
2337.335018 
3092.217770 
6360.404656 
3162.650291 
8095.927519 
10321.551585 
8994.208620 
6787.559392 
8087.080750 
9378.866113 
53582.003318 
3445.691857 
11626.061958 
8959.020906 
17671.254107 
8747.752617 
10029.882700 
10727.099542 
6308.142907 
11275.438495 
14256.035306 
5698.053090 
2883.380930 
-3471.586105 
-498.458488 
-11219.684034 
-12025.125209 
-24978.119086 
-10240.385615 
-21752.722220 
-18032.821474 
-26798.951310 
-26787.300374 
-22583.330977 
-26112.052603 
-29314.042684 
-29160.381410 
-24913.969684 
-19439.541805 
-29416.585504 
-16102.684159 
-6068.000083 
1244.981644 
-2085.504594 
18473.706817 
33294.622924 
22893.358609 
16904.176937 
10860.581183 
10819.063099 
8620.315347 
6129.745322 
4120.624585 
5680.064382 
4716.961908 
-536.079563 
-2364.427947 
1361.398188 
-326.312958 
74.051172 
-1237.557439 
-375.051868 
-866.228626 
-2594.565555 
838.389436 
-1889.915057 
-738.907831 
396.093741 
-1958.817618 
331.101344 
875.572654 
1380.443028 
1789.622851 
3427.026727 
46.061288 
2397.465273 
1239.721764 
6067.111647 
4793.975105 
3353.225431 
3445.691857 
50633.068943 
6267.375703 
12848.254957 
13938.692953 
9612.823826 
10031.137126 
12400.451495 
11054.329346 
5778.472789 
10762.623919 
83.675359 
-2607.850943 
5819.557524 
4441.418926 
5248.118416 
-151.739379 
-7118.716990 
-11925.036515 
-16169.379122 
-11045.937790 
-14189.776126 
-16491.040678 
-20408.229863 
-20391.796708 
-25985.701809 
-24610.265827 
-27157.571825 
-25005.602853 
-16781.108084 
-17092.053152 
-16636.085699 
-3676.676524 
4216.519171 
11733.854447 
21770.193657 
13557.214241 
14030.018122 
9046.943238 
5636.415746 
7836.345638 
5626.828513 
4125.899954 
4181.299692 
5978.292560 
-2110.487354 
-1698.775517 
-876.096515 
-1010.985567 
3.069021 
-840.677829 
-2732.480894 
691.217589 
-449.571803 
1083.534648 
2802.832609 
1343.823700 
-619.490707 
3521.622545 
-1192.407166 
-1411.271974 
1130.518109 
3955.368894 
4392.706485 
6031.712242 
9952.286897 
7498.074616 
6776.542835 
6277.896597 
9507.312846 
11626.061958 
6267.375703 
47649.845195 
9083.490250 
7945.362928 
7120.458322 
5983.619340 
11568.989682 
8280.005095 
2991.220498 
10983.706396 
4609.249769 
-2924.440264 
-666.934493 
-411.102621 
-3771.979684 
-1979.267035 
-8714.640192 
-11806.966680 
-16975.823452 
-14575.035682 
-14889.619547 
-19801.635212 
-18857.466730 
-24517.206268 
-26456.084498 
-24371.712459 
-23246.921805 
-14742.199808 
-14052.891471 
-15199.946489 
-16347.815969 
-310.522400 
1885.584417 
10515.919761 
23874.526971 
10589.345840 
11109.913664 
5121.090193 
8925.157880 
5983.449885 
5389.990327 
3837.022696 
3799.801840 
3214.988642 
-2339.758199 
-3681.709286 
-2746.036305 
-671.989900 
-2823.917049 
-826.004480 
-816.138561 
-2978.519609 
-3371.067431 
-853.815123 
266.465798 
1483.240922 
2084.000597 
-742.236591 
-287.753017 
1046.817573 
1695.277467 
2000.220581 
4333.932968 
1255.123712 
5855.993181 
4580.829211 
3676.320385 
5325.142155 
7404.603732 
8959.020906 
12848.254957 
9083.490250 
53821.415517 
15999.670600 
12675.924589 
12153.685762 
15733.172981 
8277.361212 
2580.269463 
14952.353813 
5215.832383 
1681.979718 
4323.103249 
3009.124576 
5711.214997 
-3373.236229 
-11807.011233 
-14527.179565 
-19520.338952 
-18751.909269 
-16078.346005 
-24648.351544 
-27610.776049 
-24146.003792 
-23204.502578 
-29138.196443 
-26133.640064 
-30030.909464 
-18790.171541 
-18494.650818 
-12029.280720 
-4312.973950 
6684.495388 
16512.241846 
31829.443202 
18924.359653 
17273.989316 
11305.265212 
11097.101293 
8186.781897 
5713.750831 
3485.731859 
5201.678071 
4599.953615 
-8717.531955 
-9092.518138 
-6073.706799 
-7714.359916 
-5400.801767 
-4788.267083 
-4154.256686 
-954.668416 
-5032.778535 
-2404.481736 
-445.991859 
-3663.039616 
-3875.509270 
-2981.347353 
745.532095 
917.704561 
1236.890970 
1692.090004 
-2154.493533 
1824.570374 
6542.551425 
8106.868627 
8590.639742 
8207.520197 
8196.007750 
17671.254107 
13938.692953 
7945.362928 
15999.670600 
78882.472132 
19466.823661 
17616.583288 
21827.573309 
16157.914795 
17977.861215 
20188.383634 
15099.990338 
8924.214689 
10145.552987 
14575.656392 
8191.958373 
-282.969811 
-7295.504643 
-11478.577333 
-23991.261367 
-15572.686120 
-24043.996697 
-25548.330500 
-21901.904466 
-28523.158137 
-27758.038496 
-30770.309188 
-29863.439728 
-31896.034130 
-21025.514003 
-24624.425941 
-15561.327465 
-13517.034526 
-10301.208293 
1417.074484 
20481.290837 
16224.139811 
16437.291523 
7678.539718 
9411.948392 
7148.787696 
6259.810885 
3379.868848 
7573.579981 
6757.124747 
-7718.557550 
-6504.082479 
-6004.864567 
-5555.100989 
-7326.024669 
-3717.879370 
-5583.930994 
-4398.540378 
-3779.412671 
-3954.724113 
-3695.559652 
-1675.837914 
-4150.029539 
-1480.475678 
-2669.027375 
-2314.272384 
-2906.309034 
642.800129 
1834.873611 
155.820641 
5275.835664 
2508.185679 
4347.335698 
2821.478700 
9310.472322 
8747.752617 
9612.823826 
7120.458322 
12675.924589 
19466.823661 
69632.075335 
18641.263079 
19880.797326 
13738.171509 
20351.308617 
19408.221473 
13018.258029 
9693.633422 
18146.497037 
6978.732232 
8412.330212 
6581.745750 
-7874.322986 
-6139.661378 
-11649.474187 
-14063.209748 
-11929.033301 
-15348.050428 
-19244.758989 
-23185.817798 
-25801.820355 
-32240.102211 
-26488.264609 
-20007.209004 
-18745.290703 
-30124.183648 
-21834.626790 
-16049.604400 
-20556.211518 
219.118526 
12060.958377 
6177.484655 
15910.890180 
9205.938100 
9859.498117 
4843.269531 
5089.073887 
4124.689814 
4833.101217 
4840.494628 
-9198.732231 
-5584.624122 
-7493.694111 
-6481.279266 
-5602.245949 
-8530.399857 
-7738.591907 
-10622.042531 
-5047.940335 
-6412.101827 
-7802.989562 
-3101.810090 
-5465.992483 
-3022.718462 
-3889.082348 
-2313.353303 
-2321.450350 
-6461.762022 
1573.073828 
4407.610721 
4820.243932 
3941.228684 
4515.363389 
-1186.887863 
3918.073343 
10029.882700 
10031.137126 
5983.619340 
12153.685762 
17616.583288 
18641.263079 
80930.588742 
23348.245528 
17909.291909 
20272.988319 
31434.101258 
18066.193331 
24857.405529 
20451.565373 
12543.956643 
21838.344895 
18178.522416 
-1320.456725 
2554.919472 
-10216.017627 
-11776.159105 
-9909.364352 
-19944.789231 
-13015.952814 
-19708.907896 
-25729.433202 
-29493.192166 
-34120.473139 
-32431.171666 
-19290.341082 
-25915.365375 
-26900.160726 
-27185.788157 
-18687.149297 
-16334.350863 
-4023.246911 
8109.507694 
11616.199061 
6472.290743 
8499.452748 
6857.964757 
3900.753095 
4007.438217 
5274.180878 
4608.018965 
-8966.377510 
-10969.621793 
-9177.188151 
-6728.500390 
-8744.066626 
-8849.972872 
-7902.792635 
-9097.781150 
-6892.051018 
-8554.605937 
-8912.465569 
-10379.752988 
-4708.350822 
-9509.274722 
-3329.445365 
-10491.916360 
-4975.857758 
-4222.574965 
-2966.834258 
-827.068613 
3510.621620 
-454.026456 
3935.350138 
7858.708888 
10183.715086 
10727.099542 
12400.451495 
11568.989682 
15733.172981 
21827.573309 
19880.797326 
23348.245528 
104039.523144 
20568.089194 
27352.515660 
33377.468227 
21651.390476 
19024.788049 
28234.517392 
19754.739883 
27655.128683 
17167.343604 
5710.653417 
14553.434360 
-4696.077211 
-3256.162971 
-3374.909224 
-18509.644203 
-11611.747233 
-22840.117598 
-14876.861370 
-30603.674888 
-30140.526913 
-33804.281868 
-32849.734461 
-31764.014711 
-25921.631689 
-25274.288422 
-42876.402210 
-28306.055360 
-1477.422431 
3683.662739 
7569.510942 
2750.285200 
7284.875840 
7985.901502 
3218.388458 
4019.302267 
5919.770588 
4384.871778 
-6839.810287 
-5154.307051 
-5870.386388 
-10650.894350 
-5771.151003 
-6515.928715 
-7857.233587 
-5106.283033 
-5254.922856 
-4225.827137 
-8421.028095 
-7513.815961 
-4576.691014 
-3498.098845 
937.063846 
-966.572646 
-3807.552293 
-2036.507751 
-3762.794663 
-933.736152 
2624.897961 
3087.050435 
5738.909801 
2288.369525 
4986.761046 
6308.142907 
11054.329346 
8280.005095 
8277.361212 
16157.914795 
13738.171509 
17909.291909 
20568.089194 
108622.518816 
17271.654142 
29799.383692 
18445.136560 
20774.013383 
18885.390216 
22546.464092 
14045.239181 
16559.464685 
-2538.408967 
2261.869386 
4915.211557 
-5799.251209 
-6615.727365 
-7643.969968 
-12885.897627 
-17866.536823 
-22884.117378 
-39511.012903 
-29171.012649 
-40448.533427 
-28274.064129 
-35210.606650 
-33421.115732 
-28763.902560 
-20156.308865 
-24982.092415 
-4225.057473 
10520.510840 
13688.400822 
4275.303133 
9056.849560 
6733.744589 
5591.575073 
5042.947115 
7692.379986 
4911.014332 
-9009.505291 
-8980.485382 
-10448.802485 
-10883.195468 
-10635.089804 
-9611.649145 
-9163.380908 
-9602.240578 
-9788.751777 
-6812.844870 
-8134.924097 
-10047.780485 
-9245.073584 
-6636.537159 
-4717.946202 
-8543.902742 
-5746.760639 
-4066.826897 
-4050.081058 
3671.130664 
123.999728 
2774.930528 
-1070.578279 
3405.278413 
8508.085747 
11275.438495 
5778.472789 
2991.220498 
2580.269463 
17977.861215 
20351.308617 
20272.988319 
27352.515660 
17271.654142 
113750.375876 
24531.201725 
27519.668124 
31561.633400 
34421.080308 
19028.501338 
17051.375426 
19123.819864 
11261.199065 
16683.596260 
4816.372847 
7219.046044 
-2840.172539 
-4493.971524 
-5179.950538 
-5721.975116 
-18776.768499 
-34111.223961 
-26587.139360 
-22835.475251 
-26682.940731 
-28491.764910 
-33197.873459 
-35722.028032 
-36855.518232 
-32774.807527 
-27445.407153 
-5273.880594 
9075.635289 
6392.936107 
6253.368350 
2747.320068 
1901.358527 
5642.616428 
2822.152818 
2775.806503 
-13097.101669 
-13050.432801 
-13407.242727 
-12431.672138 
-10137.423142 
-13310.408345 
-11797.588103 
-9345.001377 
-7872.335885 
-8938.170017 
-9789.264562 
-8783.336881 
-8603.073748 
-9157.407592 
-3422.686694 
-9064.167119 
-7040.059355 
-3745.157096 
-3559.693185 
-2625.837868 
5433.812841 
1967.848219 
3475.640295 
4249.716762 
3223.879363 
14256.035306 
10762.623919 
10983.706396 
14952.353813 
20188.383634 
19408.221473 
31434.101258 
33377.468227 
29799.383692 
24531.201725 
121618.982842 
27829.944774 
31619.811698 
30051.388820 
22898.017709 
27057.717428 
18269.599631 
12582.073184 
13315.068075 
-1453.999530 
6917.751298 
9610.162464 
-13537.537876 
-2905.449897 
-7812.218537 
-16558.628174 
-29871.251561 
-32269.346233 
-29818.445263 
-28867.303325 
-33558.174612 
-29344.947441 
-30110.579034 
-50554.342981 
-32201.372667 
-33030.600317 
296.144104 
10097.824655 
455.264429 
4627.411476 
6041.753315 
1715.107517 
2088.925700 
2691.017699 
4276.113907 
-11606.689270 
-8354.100453 
-10706.389827 
-12083.502175 
-13795.965657 
-7694.273348 
-9635.134176 
-11384.958586 
-8182.580219 
-5432.485802 
-8456.858159 
-8451.740171 
-10600.847581 
-6172.178240 
-6688.149344 
-14171.350325 
-4424.204612 
-10651.006017 
-9527.229161 
-150.076688 
-5821.908810 
-3240.016694 
74.534272 
-8052.199677 
5911.203460 
5698.053090 
83.675359 
4609.249769 
5215.832383 
15099.990338 
13018.258029 
18066.193331 
21651.390476 
18445.136560 
27519.668124 
27829.944774 
134289.493789 
34934.642725 
20785.208860 
28358.654130 
29304.237822 
28490.511365 
23197.545095 
22556.535712 
16836.678937 
18127.225075 
12655.575045 
17291.760849 
4955.830948 
-3330.765286 
3770.822926 
-10658.638429 
-25457.784848 
-27592.648955 
-25500.822423 
-22921.387500 
-35445.850053 
-49118.981401 
-45468.912238 
-52465.406930 
-35445.579135 
-17485.995865 
-3707.157473 
2582.209483 
-84.053019 
2542.115574 
3016.784868 
3906.367411 
4928.358563 
1976.735320 
-13734.216581 
-9452.917345 
-10457.947182 
-12602.691682 
-11089.037345 
-12259.722244 
-11000.835506 
-10474.068456 
-10158.498028 
-9398.090434 
-10862.513294 
-10005.073525 
-10617.738702 
-8085.969118 
-8060.785462 
-7954.902830 
-6568.973199 
-9270.553544 
-7999.044018 
-1031.254284 
-5808.929420 
-2989.311120 
-3876.828656 
-5152.131137 
-7422.323777 
2883.380930 
-2607.850943 
-2924.440264 
1681.979718 
8924.214689 
9693.633422 
24857.405529 
19024.788049 
20774.013383 
31561.633400 
31619.811698 
34934.642725 
121437.399634 
36182.476350 
34274.689991 
32229.535947 
34595.622237 
17498.060721 
21820.899787 
20005.578096 
4759.395015 
11004.386134 
9563.167728 
5508.342804 
11667.262834 
-469.882603 
-13451.526937 
-16218.343866 
-32103.010938 
-26983.348267 
-26902.574589 
-25507.163544 
-33912.279891 
-51197.724501 
-57913.125116 
-27142.117133 
-14295.921754 
-1800.309892 
2878.095125 
2898.349429 
1520.940634 
5106.659218 
2432.175930 
4376.907198 
2709.540848 
-13124.783910 
-11066.704224 
-13569.262865 
-10046.033508 
-12817.750196 
-14923.199603 
-11799.926342 
-14235.302003 
-9285.594249 
-11207.201678 
-9773.455137 
-11290.391598 
-8583.594455 
-11247.039478 
-6172.298920 
-10593.191525 
-8851.415113 
-12159.613517 
-7821.788380 
-3817.923783 
194.537105 
-6797.026503 
-2507.802657 
-3835.067687 
-1979.448812 
-3471.586105 
5819.557524 
-666.934493 
4323.103249 
10145.552987 
18146.497037 
20451.565373 
28234.517392 
18885.390216 
34421.080308 
30051.388820 
20785.208860 
36182.476350 
128299.829393 
25736.764413 
32102.058796 
34082.758599 
28162.640773 
23251.595755 
21171.738462 
15908.229719 
21315.171506 
9919.268390 
18344.578825 
7077.223358 
-268.470679 
-15174.891989 
-6635.559916 
-24327.937381 
-14351.023483 
-27890.671756 
-36968.275220 
-33201.504838 
-53187.186847 
-59278.147358 
-49039.876173 
-24516.219348 
-3558.688685 
312.539235 
-1564.509536 
-1002.392341 
-1641.505604 
-1849.228506 
-376.013808 
-218.769719 
-10461.720694 
-9583.821928 
-7339.485007 
-9739.567973 
-7142.439981 
-8734.076724 
-9376.766524 
-10901.925138 
-10450.444276 
-11250.987501 
-9920.589108 
-7664.889620 
-8763.800911 
-5681.512942 
-5045.281285 
-9502.121838 
-9140.842488 
-7314.020027 
-15715.332780 
-7940.814551 
-4664.009197 
-8999.519684 
-684.075718 
-4326.460599 
-178.899710 
-498.458488 
4441.418926 
-411.102621 
3009.124576 
14575.656392 
6978.732232 
12543.956643 
19754.739883 
22546.464092 
19028.501338 
22898.017709 
28358.654130 
34274.689991 
25736.764413 
122916.423420 
30381.665714 
34032.496923 
22747.103786 
20167.062522 
25354.615142 
15684.855826 
21630.835792 
11255.507223 
6409.511917 
10353.639606 
9763.799896 
-4424.793377 
-7902.998905 
-15121.715819 
-1582.040680 
-18606.117611 
-23515.870786 
-33449.269847 
-46237.352161 
-65616.279895 
-52679.752325 
-23180.629692 
-6611.786525 
-6124.322139 
-4471.946898 
-1899.066429 
-554.594446 
-2807.313581 
588.163541 
1531.522990 
-12051.888697 
-8916.127838 
-8353.154390 
-9115.818704 
-8823.374068 
-12104.349699 
-9350.657266 
-10969.765188 
-7572.076554 
-10533.286762 
-12015.484513 
-9220.439635 
-6508.284269 
-12527.820777 
-6449.481625 
-10984.821251 
-8451.861591 
-9678.066720 
-10056.098943 
-13931.139397 
-9941.942780 
-9616.995085 
-12035.723424 
-4760.865924 
-8921.411123 
-11219.684034 
5248.118416 
-3771.979684 
5711.214997 
8191.958373 
8412.330212 
21838.344895 
27655.128683 
14045.239181 
17051.375426 
27057.717428 
29304.237822 
32229.535947 
32102.058796 
30381.665714 
138217.689364 
39722.117315 
28553.299376 
30725.711850 
23993.620457 
29993.700798 
27216.232479 
21832.834695 
16636.886791 
23168.496751 
18197.036608 
6765.103557 
-4059.824904 
-11876.071829 
2908.559875 
-22179.772648 
-27371.284624 
-48988.645631 
-59840.846164 
-67765.326347 
-81539.591264 
-32021.935621 
-8074.331501 
-5999.614045 
-7627.272177 
-4468.668032 
-345.236920 
-2154.396843 
-631.203699 
2212.091870 
-12916.741914 
-9924.713275 
-9436.350148 
-12735.452362 
-8535.265993 
-14241.466989 
-7734.990196 
-10268.998990 
-13919.205539 
-11205.758023 
-8537.449502 
-12654.905080 
-10948.647795 
-10662.473181 
-12607.557296 
-10555.312613 
-8151.145200 
-15000.853437 
-14184.771042 
-11175.535652 
-10667.441124 
-9671.288493 
-7203.038923 
-11296.789203 
-9362.643589 
-12025.125209 
-151.739379 
-1979.267035 
-3373.236229 
-282.969811 
6581.745750 
18178.522416 
17167.343604 
16559.464685 
19123.819864 
18269.599631 
28490.511365 
34595.622237 
34082.758599 
34032.496923 
39722.117315 
144175.343133 
44217.135608 
37141.192023 
33117.306883 
28284.284895 
31821.066703 
32390.241787 
25189.122531 
42048.999938 
24201.868912 
3596.557490 
6450.379502 
-4342.894972 
3231.163560 
-13255.166945 
-27905.581876 
-44690.745489 
-52100.246707 
-81655.062895 
-81336.479931 
-43680.813462 
-16081.037075 
-11295.874928 
-10100.505014 
-3134.759042 
-4479.351606 
-1549.291690 
-4870.371947 
-3204.105091 
-5321.080146 
-8045.622054 
-8596.094261 
-7962.339821 
-10444.021080 
-10799.798571 
-5081.590052 
-9656.962622 
-7871.229773 
-11723.119651 
-10800.132811 
-11556.617871 
-12493.936168 
-9198.724123 
-6310.427701 
-14591.774362 
-9384.931630 
-14798.836133 
-14337.151015 
-10561.062185 
-12968.575888 
-16571.238057 
-8071.924575 
-14957.756582 
-14479.780989 
-24978.119086 
-7118.716990 
-8714.640192 
-11807.011233 
-7295.504643 
-7874.322986 
-1320.456725 
5710.653417 
-2538.408967 
11261.199065 
12582.073184 
23197.545095 
17498.060721 
28162.640773 
22747.103786 
28553.299376 
44217.135608 
162626.208854 
32734.688172 
27663.640211 
45473.818448 
49842.328234 
40760.525303 
44009.586512 
48853.037042 
41216.318553 
29440.145440 
34738.379871 
18164.533587 
35215.526288 
20137.732445 
-11339.746568 
-37115.783053 
-39658.522964 
-95945.588737 
-80180.725922 
-62561.639231 
-35773.153693 
-20693.363868 
-19106.982319 
-14701.093534 
-9075.682384 
-6288.707047 
-10623.977798 
-7179.094455 
-6155.153570 
-9178.904695 
-8466.740738 
-10464.873952 
-8537.698090 
-9340.577328 
-8600.687954 
-8757.821630 
-9409.067188 
-10689.604891 
-10556.138665 
-14009.554649 
-10823.253034 
-10657.902025 
-10981.724455 
-14088.001200 
-10055.690492 
-9865.967554 
-10714.163218 
-11560.837485 
-13954.892320 
-11825.793884 
-12187.301944 
-11733.641861 
-12442.158733 
-10240.385615 
-11925.036515 
-11806.966680 
-14527.179565 
-11478.577333 
-6139.661378 
2554.919472 
14553.434360 
2261.869386 
16683.596260 
13315.068075 
22556.535712 
21820.899787 
23251.595755 
20167.062522 
30725.711850 
37141.192023 
32734.688172 
154472.830754 
39640.726761 
43502.754748 
45353.478791 
45410.400098 
39350.784777 
46533.482427 
46811.850670 
52229.839268 
33256.690949 
26927.332577 
5355.794223 
963.084271 
-5751.203018 
-25054.217066 
-57963.772262 
-94988.576172 
-100969.505351 
-52831.165238 
-34537.588734 
-18608.977196 
-13983.752939 
-11947.458011 
-10584.613289 
-8515.639557 
-6401.375042 
-7801.452117 
-3643.987436 
-2666.779767 
-4699.905915 
-7617.999226 
-6543.191580 
-4189.040348 
-5450.977718 
-11253.030880 
-8206.423292 
-7973.181146 
-6570.558779 
-6372.044642 
-1649.412056 
-10095.936302 
-5766.082965 
-12639.658651 
-11198.585294 
-9147.688764 
-9887.253499 
-15786.620951 
-24083.536865 
-13769.218004 
-12568.828805 
-14439.632627 
-11055.579385 
-21752.722220 
-16169.379122 
-16975.823452 
-19520.338952 
-23991.261367 
-11649.474187 
-10216.017627 
-4696.077211 
4915.211557 
4816.372847 
-1453.999530 
16836.678937 
20005.578096 
21171.738462 
25354.615142 
23993.620457 
33117.306883 
27663.640211 
39640.726761 
170367.854847 
48195.218869 
44085.257541 
64219.944946 
49302.199047 
45737.664898 
37658.518167 
31323.856933 
36785.260324 
29151.826287 
20109.732188 
18455.558550 
-8532.258649 
-11230.416682 
-36617.265759 
-80143.681566 
-98154.270986 
-53967.639781 
-43307.364956 
-22972.105082 
-18504.347420 
-15924.724767 
-10108.236111 
-12986.080954 
-12715.343907 
-10701.516657 
-5261.928481 
-4663.682309 
-4097.364751 
-5072.098629 
-7777.244294 
-8998.961886 
-3987.156696 
-7101.168210 
-5566.281053 
-7638.158561 
-8255.516793 
-8890.775853 
-4718.355741 
-9353.659958 
-8617.086681 
-15238.235567 
-8924.433616 
-8573.907950 
-11499.440100 
-16789.671854 
-18987.714353 
-16052.844264 
-14835.440226 
-8904.203388 
-17433.037146 
-18032.821474 
-11045.937790 
-14575.035682 
-18751.909269 
-15572.686120 
-14063.209748 
-11776.159105 
-3256.162971 
-5799.251209 
7219.046044 
6917.751298 
18127.225075 
4759.395015 
15908.229719 
15684.855826 
29993.700798 
28284.284895 
45473.818448 
43502.754748 
48195.218869 
166750.432022 
56366.344213 
57608.315202 
54525.729807 
55349.047544 
42992.771244 
57282.872647 
50970.273724 
46682.748433 
29262.107728 
16824.994252 
-5873.325502 
-16763.461553 
-51664.561831 
-97875.357592 
-113734.083886 
-63257.829723 
-38755.965372 
-23333.429944 
-24464.621985 
-19421.391840 
-14946.387817 
-12186.287679 
-12512.677089 
-12354.044636 
-4106.810242 
-4579.733924 
-4997.805367 
-5509.862015 
-7411.838611 
-7108.392960 
-8140.873245 
-8834.364758 
-6503.141898 
-8058.184719 
-6997.125802 
-13132.777088 
-8816.289650 
-9015.045666 
-7420.830651 
-12508.113412 
-11885.817315 
-13542.639197 
-12111.730869 
-14905.042450 
-16378.260638 
-18583.356280 
-21851.322837 
-14148.816000 
-16564.202244 
-26798.951310 
-14189.776126 
-14889.619547 
-16078.346005 
-24043.996697 
-11929.033301 
-9909.364352 
-3374.909224 
-6615.727365 
-2840.172539 
9610.162464 
12655.575045 
11004.386134 
21315.171506 
21630.835792 
27216.232479 
31821.066703 
49842.328234 
45353.478791 
44085.257541 
56366.344213 
179429.626021 
51493.031099 
55945.191086 
71157.287066 
62753.455696 
54420.514155 
61801.499641 
38831.364528 
34083.818346 
30470.114488 
-4366.121298 
-17142.158849 
-49396.495251 
-87703.012806 
-134365.987158 
-70235.393050 
-45749.581660 
-35681.544326 
-28334.201255 
-20700.955356 
-18209.959701 
-9098.572878 
-13501.155588 
-13216.445569 
1749.542089 
82.945805 
-1945.503841 
-7717.811876 
-4416.547974 
-973.350721 
-2139.526461 
-4361.309511 
-8092.856220 
-2983.606985 
-7221.769560 
-10535.762363 
-4457.027094 
-8912.039031 
-6403.216147 
-8723.232916 
-6940.313608 
-9344.591562 
-11799.316339 
-14262.204046 
-17724.794054 
-15009.062141 
-18688.045105 
-20070.657528 
-16661.557835 
-26787.300374 
-16491.040678 
-19801.635212 
-24648.351544 
-25548.330500 
-15348.050428 
-19944.789231 
-18509.644203 
-7643.969968 
-4493.971524 
-13537.537876 
17291.760849 
9563.167728 
9919.268390 
11255.507223 
21832.834695 
32390.241787 
40760.525303 
45410.400098 
64219.944946 
57608.315202 
51493.031099 
187190.702983 
56995.786862 
66714.174625 
62229.969331 
68987.701335 
57048.745412 
47018.848207 
42296.310378 
21649.771383 
4705.940439 
-16346.535591 
-52482.560074 
-97294.846650 
-123434.696755 
-75063.866900 
-50742.471316 
-29931.963318 
-26027.059508 
-26602.415889 
-19166.084804 
-13371.996625 
-14181.412832 
-12490.483723 
-1874.410476 
-2027.364532 
-4090.992929 
-4662.029602 
-4857.874718 
-4428.532393 
-5759.236395 
-5725.152919 
-1031.113346 
-6250.088616 
-5805.095966 
-11996.652023 
-6783.028167 
-8272.300404 
-3569.203003 
-9325.792957 
-8111.629486 
-9613.049612 
-16107.723043 
-14062.998687 
-18106.376488 
-13299.400677 
-16430.699494 
-15805.880454 
-17266.805620 
-22583.330977 
-20408.229863 
-18857.466730 
-27610.776049 
-21901.904466 
-19244.758989 
-13015.952814 
-11611.747233 
-12885.897627 
-5179.950538 
-2905.449897 
4955.830948 
5508.342804 
18344.578825 
6409.511917 
16636.886791 
25189.122531 
44009.586512 
39350.784777 
49302.199047 
54525.729807 
55945.191086 
56995.786862 
183021.786012 
66137.201849 
55247.808931 
65121.479160 
65585.480673 
49476.720761 
41354.765338 
34730.852166 
6352.137026 
-10671.501201 
-34931.630122 
-82983.876226 
-119741.595040 
-68695.991535 
-53992.002508 
-36633.421199 
-33976.573753 
-20615.575700 
-19706.839525 
-15802.398601 
-15940.791333 
-16307.979164 
-1960.947381 
-2527.676787 
-1618.732032 
-3957.294985 
-5352.729608 
-5866.118772 
-1882.213295 
723.208502 
-8619.837722 
-5199.233552 
-5121.034268 
-10800.012000 
-9711.150898 
-10998.737314 
-6621.496687 
-11097.691352 
-8322.873912 
-12308.759768 
-15501.871405 
-20912.344173 
-16067.823462 
-19628.425443 
-27107.761291 
-18330.948899 
-26090.735915 
-26112.052603 
-20391.796708 
-24517.206268 
-24146.003792 
-28523.158137 
-23185.817798 
-19708.907896 
-22840.117598 
-17866.536823 
-5721.975116 
-7812.218537 
-3330.765286 
11667.262834 
7077.223358 
10353.639606 
23168.496751 
42048.999938 
48853.037042 
46533.482427 
45737.664898 
55349.047544 
71157.287066 
66714.174625 
66137.201849 
221554.561005 
70933.232862 
74054.587295 
57335.620919 
57647.995463 
67319.534286 
40329.097014 
12823.552489 
-23170.886077 
-38682.063106 
-101311.033571 
-130938.192016 
-89057.914797 
-56360.016074 
-33270.699808 
-34790.227230 
-32177.339245 
-16812.953081 
-14505.730566 
-21820.358342 
-14487.069561 
1747.895532 
1475.232089 
-1481.622114 
271.891408 
-2552.926290 
-1470.522814 
-1011.528934 
709.575592 
327.463451 
-4207.101381 
-4970.393543 
-5019.032352 
-5114.502048 
-3274.606348 
-3356.164733 
-6255.556123 
-6743.804659 
-11573.858298 
-13835.249184 
-8466.364449 
-15130.096640 
-18720.361556 
-18784.054717 
-16466.065209 
-23016.683316 
-29314.042684 
-25985.701809 
-26456.084498 
-23204.502578 
-27758.038496 
-25801.820355 
-25729.433202 
-14876.861370 
-22884.117378 
-18776.768499 
-16558.628174 
3770.822926 
-469.882603 
-268.470679 
9763.799896 
18197.036608 
24201.868912 
41216.318553 
46811.850670 
37658.518167 
42992.771244 
62753.455696 
62229.969331 
55247.808931 
70933.232862 
206748.487543 
79996.125628 
54596.146748 
58061.679892 
48881.523064 
43467.324587 
23202.602541 
-10123.285485 
-37867.131734 
-83831.533219 
-125317.583663 
-55642.920670 
-54469.229623 
-32207.077874 
-26652.467895 
-28225.937177 
-20216.777922 
-17074.654182 
-15870.716658 
-14428.197825 
6056.822887 
4933.488316 
3548.737154 
5796.743311 
3986.067420 
4562.918386 
1025.457270 
1769.572602 
401.279327 
-2398.371326 
-1713.715826 
-2171.645392 
3033.172128 
-935.061331 
-4768.531505 
-4572.956711 
-2774.049706 
-7313.766196 
-9576.244938 
-14682.638096 
-13151.535296 
-12884.818294 
-18098.529602 
-12311.771098 
-23240.409049 
-29160.381410 
-24610.265827 
-24371.712459 
-29138.196443 
-30770.309188 
-32240.102211 
-29493.192166 
-30603.674888 
-39511.012903 
-34111.223961 
-29871.251561 
-10658.638429 
-13451.526937 
-15174.891989 
-4424.793377 
6765.103557 
3596.557490 
29440.145440 
52229.839268 
31323.856933 
57282.872647 
54420.514155 
68987.701335 
65121.479160 
74054.587295 
79996.125628 
249856.113066 
78986.793709 
76802.405674 
57273.202512 
62434.158298 
34899.034515 
-3053.408559 
-26278.843005 
-97488.092265 
-125935.334216 
-83478.415381 
-59266.424028 
-37631.418468 
-39816.719010 
-27233.158129 
-20754.940438 
-23374.196566 
-20753.671884 
-18940.071303 
5257.241464 
1403.845718 
2299.482507 
-1531.027415 
-107.134256 
3985.562901 
1375.013311 
1893.182467 
-437.891354 
-1798.696380 
1984.115350 
-7042.198756 
1232.755527 
-2711.771633 
-2457.807452 
-5198.913628 
-7930.439753 
-3758.490254 
-5477.777084 
-5635.626918 
-12381.153501 
-13844.821171 
-14780.619068 
-16503.433793 
-15394.994936 
-24913.969684 
-27157.571825 
-23246.921805 
-26133.640064 
-29863.439728 
-26488.264609 
-34120.473139 
-30140.526913 
-29171.012649 
-26587.139360 
-32269.346233 
-25457.784848 
-16218.343866 
-6635.559916 
-7902.998905 
-4059.824904 
6450.379502 
34738.379871 
33256.690949 
36785.260324 
50970.273724 
61801.499641 
57048.745412 
65585.480673 
57335.620919 
54596.146748 
78986.793709 
265676.773318 
64415.459750 
68892.322578 
36534.757194 
25695.823070 
26837.200723 
-26992.236432 
-66217.529244 
-96821.613125 
-67693.308803 
-57294.330764 
-43377.616910 
-35106.173303 
-22937.564565 
-21566.598063 
-16508.248240 
-16212.666264 
-18394.342801 
3895.752532 
4923.425076 
7715.727095 
4755.495938 
6515.272192 
8165.034655 
3190.026299 
6683.548971 
797.488403 
7.929753 
2960.697782 
4752.726205 
2267.567517 
-229.958344 
-5322.017689 
-5473.292770 
1651.874430 
-1825.788799 
57.044969 
-11196.452484 
-11647.349970 
-9478.834980 
-19687.891607 
-19092.843958 
-16650.995879 
-19439.541805 
-25005.602853 
-14742.199808 
-30030.909464 
-31896.034130 
-20007.209004 
-32431.171666 
-33804.281868 
-40448.533427 
-22835.475251 
-29818.445263 
-27592.648955 
-32103.010938 
-24327.937381 
-15121.715819 
-11876.071829 
-4342.894972 
18164.533587 
26927.332577 
29151.826287 
46682.748433 
38831.364528 
47018.848207 
49476.720761 
57647.995463 
58061.679892 
76802.405674 
64415.459750 
222598.597702 
47772.538004 
49563.838563 
28172.420811 
28220.180028 
-20813.042754 
-32694.245435 
-68932.274303 
-61751.922329 
-49608.501832 
-31552.115449 
-28853.353770 
-25593.154746 
-22594.166699 
-17519.024891 
-18159.244419 
-15234.513959 
5248.159842 
4733.092880 
2095.899811 
4627.347412 
1282.436266 
3816.121167 
3454.634114 
627.710200 
-2631.588951 
-4989.490479 
1277.782180 
-3337.878640 
981.425460 
-2555.305219 
-1247.097570 
-4859.770471 
-3502.992797 
-2251.725863 
-7674.386413 
-20754.539988 
-9901.725044 
-13936.384915 
-19320.155159 
-10777.962912 
-12098.696455 
-29416.585504 
-16781.108084 
-14052.891471 
-18790.171541 
-21025.514003 
-18745.290703 
-19290.341082 
-32849.734461 
-28274.064129 
-26682.940731 
-28867.303325 
-25500.822423 
-26983.348267 
-14351.023483 
-1582.040680 
2908.559875 
3231.163560 
35215.526288 
5355.794223 
20109.732188 
29262.107728 
34083.818346 
42296.310378 
41354.765338 
67319.534286 
48881.523064 
57273.202512 
68892.322578 
47772.538004 
243324.249784 
51543.047790 
17930.049415 
-4371.096245 
13554.295994 
-37300.677463 
-65865.102442 
-44511.934073 
-41247.026316 
-21314.514056 
-29702.073180 
-19693.817062 
-15709.271947 
-16103.405065 
-19008.144695 
-15226.274828 
3988.408697 
3905.852589 
1786.135420 
4130.638749 
1698.043914 
2207.890357 
544.201428 
1513.464997 
-103.020231 
-1130.773992 
3375.507784 
5512.204815 
-1216.796785 
1035.671980 
-3035.083134 
2571.472762 
310.337999 
-6350.678253 
330.447380 
-3314.278941 
-7509.985936 
-5417.614688 
-6247.921908 
-5971.278774 
-9419.514587 
-16102.684159 
-17092.053152 
-15199.946489 
-18494.650818 
-24624.425941 
-30124.183648 
-25915.365375 
-31764.014711 
-35210.606650 
-28491.764910 
-33558.174612 
-22921.387500 
-26902.574589 
-27890.671756 
-18606.117611 
-22179.772648 
-13255.166945 
20137.732445 
963.084271 
18455.558550 
16824.994252 
30470.114488 
21649.771383 
34730.852166 
40329.097014 
43467.324587 
62434.158298 
36534.757194 
49563.838563 
51543.047790 
265903.700592 
21591.184086 
15343.739646 
34902.662155 
-10719.678646 
-72769.246792 
-34562.863241 
-45341.949901 
-22924.537739 
-26095.049640 
-20329.607839 
-12808.024667 
-12655.892346 
-12241.898761 
-16302.843424 
8955.248021 
5071.777658 
6779.501298 
5291.718374 
4992.948637 
8123.902399 
8022.410001 
5866.130550 
8972.220798 
3566.856218 
5756.174428 
4926.233979 
9039.957412 
8652.894475 
2033.670790 
6610.367263 
2258.331214 
2773.384942 
-5087.882108 
903.480429 
-8099.115809 
-5159.588704 
-10327.644842 
-1096.246770 
-7947.120600 
-6068.000083 
-16636.085699 
-16347.815969 
-12029.280720 
-15561.327465 
-21834.626790 
-26900.160726 
-25921.631689 
-33421.115732 
-33197.873459 
-29344.947441 
-35445.850053 
-25507.163544 
-36968.275220 
-23515.870786 
-27371.284624 
-27905.581876 
-11339.746568 
-5751.203018 
-8532.258649 
-5873.325502 
-4366.121298 
4705.940439 
6352.137026 
12823.552489 
23202.602541 
34899.034515 
25695.823070 
28172.420811 
17930.049415 
21591.184086 
245296.960811 
22135.984601 
28741.597133 
29884.682940 
3256.763541 
409.737921 
-11841.492486 
-8096.985576 
-6791.860149 
-4026.838790 
-7718.117805 
-7513.296263 
-6843.013811 
-466.914967 
8110.921888 
4804.138604 
9005.243507 
5484.601325 
5885.683235 
4957.394761 
7589.591681 
8123.020247 
6658.414609 
6330.990478 
8144.041422 
10524.283101 
9144.333639 
1793.440247 
567.638523 
10282.217286 
8183.139940 
5745.005875 
11158.688718 
11180.910018 
2807.009304 
4283.372140 
-3760.902646 
1353.209061 
-3997.178712 
1244.981644 
-3676.676524 
-310.522400 
-4312.973950 
-13517.034526 
-16049.604400 
-27185.788157 
-25274.288422 
-28763.902560 
-35722.028032 
-30110.579034 
-49118.981401 
-33912.279891 
-33201.504838 
-33449.269847 
-48988.645631 
-44690.745489 
-37115.783053 
-25054.217066 
-11230.416682 
-16763.461553 
-17142.158849 
-16346.535591 
-10671.501201 
-23170.886077 
-10123.285485 
-3053.408559 
26837.200723 
28220.180028 
-4371.096245 
15343.739646 
22135.984601 
288410.233307 
55610.577778 
45354.561865 
48094.235229 
21505.939618 
-856.672485 
5786.839101 
4416.577754 
-3529.717858 
-3699.159166 
-1749.073805 
2947.145216 
1189.880552 
10864.610959 
10330.977691 
9090.284531 
11232.069995 
10895.021092 
10032.242527 
11721.145409 
8146.365049 
7194.550323 
8524.981755 
13518.638635 
13348.315043 
8979.512456 
9289.768133 
8335.402604 
11261.694799 
7562.633239 
7581.685388 
8125.570544 
2664.166987 
3967.284265 
6301.699134 
594.363302 
8032.419683 
1704.639421 
-2085.504594 
4216.519171 
1885.584417 
6684.495388 
-10301.208293 
-20556.211518 
-18687.149297 
-42876.402210 
-20156.308865 
-36855.518232 
-50554.342981 
-45468.912238 
-51197.724501 
-53187.186847 
-46237.352161 
-59840.846164 
-52100.246707 
-39658.522964 
-57963.772262 
-36617.265759 
-51664.561831 
-49396.495251 
-52482.560074 
-34931.630122 
-38682.063106 
-37867.131734 
-26278.843005 
-26992.236432 
-20813.042754 
13554.295994 
34902.662155 
28741.597133 
55610.577778 
360098.230810 
99789.154737 
125438.786589 
53358.832990 
20575.869599 
22544.253168 
11689.428398 
6516.535744 
14319.727074 
-549.519885 
819.460989 
4303.228522 
11334.036336 
10717.827467 
10327.521042 
17893.676386 
15380.247612 
14032.249728 
17116.111774 
14599.831177 
8781.348703 
16467.518583 
21259.272501 
21883.310610 
15184.009589 
10185.250471 
15444.876942 
21036.274660 
12618.425699 
15692.172092 
22804.553014 
18652.987798 
19793.680004 
20769.918085 
19232.093477 
24679.715112 
22706.894725 
18473.706817 
11733.854447 
10515.919761 
16512.241846 
1417.074484 
219.118526 
-16334.350863 
-28306.055360 
-24982.092415 
-32774.807527 
-32201.372667 
-52465.406930 
-57913.125116 
-59278.147358 
-65616.279895 
-67765.326347 
-81655.062895 
-95945.588737 
-94988.576172 
-80143.681566 
-97875.357592 
-87703.012806 
-97294.846650 
-82983.876226 
-101311.033571 
-83831.533219 
-97488.092265 
-66217.529244 
-32694.245435 
-37300.677463 
-10719.678646 
29884.682940 
45354.561865 
99789.154737 
484444.273980 
159723.170413 
116190.725461 
67539.503760 
34088.150518 
34389.236896 
28253.363460 
18629.204716 
19122.159537 
20475.836453 
16413.154482 
9150.374150 
5203.254219 
9824.648824 
15382.183610 
13363.973258 
13141.411259 
12148.242670 
8585.557978 
14835.377879 
13467.637146 
11185.030091 
17530.153961 
13428.871830 
21060.126548 
14408.958146 
17468.127819 
16215.738400 
20472.202539 
22424.493550 
17615.427545 
17670.125614 
24720.875357 
25962.785223 
18797.153518 
21429.333470 
33294.622924 
21770.193657 
23874.526971 
31829.443202 
20481.290837 
12060.958377 
-4023.246911 
-1477.422431 
-4225.057473 
-27445.407153 
-33030.600317 
-35445.579135 
-27142.117133 
-49039.876173 
-52679.752325 
-81539.591264 
-81336.479931 
-80180.725922 
-100969.505351 
-98154.270986 
-113734.083886 
-134365.987158 
-123434.696755 
-119741.595040 
-130938.192016 
-125317.583663 
-125935.334216 
-96821.613125 
-68932.274303 
-65865.102442 
-72769.246792 
3256.763541 
48094.235229 
125438.786589 
159723.170413 
553133.506489 
134285.678026 
91179.507885 
69084.946696 
56224.252675 
43284.280789 
31060.932634 
25586.217116 
24868.233782 
21250.662819 
3189.439422 
4059.699531 
4873.078945 
2669.756834 
3429.487161 
3211.955113 
4788.014556 
8148.953316 
7278.747869 
10297.935445 
7707.525182 
7619.017674 
6359.742172 
7126.266844 
8152.208164 
9705.326152 
5756.892997 
11805.623648 
8321.904700 
13350.300317 
13047.654716 
10897.390501 
14267.806454 
14786.339531 
15838.168755 
22893.358609 
13557.214241 
10589.345840 
18924.359653 
16224.139811 
6177.484655 
8109.507694 
3683.662739 
10520.510840 
-5273.880594 
296.144104 
-17485.995865 
-14295.921754 
-24516.219348 
-23180.629692 
-32021.935621 
-43680.813462 
-62561.639231 
-52831.165238 
-53967.639781 
-63257.829723 
-70235.393050 
-75063.866900 
-68695.991535 
-89057.914797 
-55642.920670 
-83478.415381 
-67693.308803 
-61751.922329 
-44511.934073 
-34562.863241 
409.737921 
21505.939618 
53358.832990 
116190.725461 
134285.678026 
213818.466546 
53251.846303 
28677.936812 
31611.350036 
34233.818665 
16730.730594 
15923.713524 
19519.774677 
14311.598453 
-74.623821 
-46.416935 
-311.409114 
1241.232242 
3776.712746 
2575.484745 
1754.515932 
1256.953755 
3036.351543 
3513.050757 
121.111384 
4975.332881 
2422.424562 
2804.062732 
2764.881669 
5190.187493 
4492.174781 
4058.953032 
5707.172232 
3845.084652 
7944.802442 
9084.516672 
8396.482802 
11606.405344 
6206.127894 
16904.176937 
14030.018122 
11109.913664 
17273.989316 
16437.291523 
15910.890180 
11616.199061 
7569.510942 
13688.400822 
9075.635289 
10097.824655 
-3707.157473 
-1800.309892 
-3558.688685 
-6611.786525 
-8074.331501 
-16081.037075 
-35773.153693 
-34537.588734 
-43307.364956 
-38755.965372 
-45749.581660 
-50742.471316 
-53992.002508 
-56360.016074 
-54469.229623 
-59266.424028 
-57294.330764 
-49608.501832 
-41247.026316 
-45341.949901 
-11841.492486 
-856.672485 
20575.869599 
67539.503760 
91179.507885 
53251.846303 
112189.207363 
32572.136670 
27288.343786 
18435.236776 
16843.429518 
15681.540756 
16281.982984 
16487.758632 
505.483501 
-368.250856 
-236.997704 
2037.713814 
1184.264576 
-38.060559 
778.681338 
123.743742 
988.961001 
1551.238520 
839.571625 
2124.104661 
2567.180578 
1791.620377 
557.498568 
2658.206758 
2603.975699 
2603.032711 
4540.105336 
2614.459011 
3262.388327 
6049.767162 
2198.051475 
6100.692771 
3702.608415 
10860.581183 
9046.943238 
5121.090193 
11305.265212 
7678.539718 
9205.938100 
6472.290743 
2750.285200 
4275.303133 
6392.936107 
455.264429 
2582.209483 
2878.095125 
312.539235 
-6124.322139 
-5999.614045 
-11295.874928 
-20693.363868 
-18608.977196 
-22972.105082 
-23333.429944 
-35681.544326 
-29931.963318 
-36633.421199 
-33270.699808 
-32207.077874 
-37631.418468 
-43377.616910 
-31552.115449 
-21314.514056 
-22924.537739 
-8096.985576 
5786.839101 
22544.253168 
34088.150518 
69084.946696 
28677.936812 
32572.136670 
60346.284111 
18354.609437 
13453.185213 
12558.388365 
9030.204339 
9169.994099 
9626.831561 
-1497.551092 
-1316.775448 
-475.211111 
-1159.209455 
-96.276683 
-999.539178 
411.360901 
-385.845385 
921.579550 
1639.992079 
293.942208 
1991.296987 
1241.497397 
2265.063718 
1266.181882 
2222.135580 
1866.160656 
4697.227727 
4535.097411 
5966.615404 
5609.041929 
3989.490103 
6202.668431 
5855.166402 
8886.722874 
10819.063099 
5636.415746 
8925.157880 
11097.101293 
9411.948392 
9859.498117 
8499.452748 
7284.875840 
9056.849560 
6253.368350 
4627.411476 
-84.053019 
2898.349429 
-1564.509536 
-4471.946898 
-7627.272177 
-10100.505014 
-19106.982319 
-13983.752939 
-18504.347420 
-24464.621985 
-28334.201255 
-26027.059508 
-33976.573753 
-34790.227230 
-26652.467895 
-39816.719010 
-35106.173303 
-28853.353770 
-29702.073180 
-26095.049640 
-6791.860149 
4416.577754 
11689.428398 
34389.236896 
56224.252675 
31611.350036 
27288.343786 
18354.609437 
43004.365166 
10822.087481 
9810.270723 
9277.473439 
9753.736712 
9599.316769 
437.584353 
-160.949920 
95.881505 
1230.970892 
1080.113037 
-20.270243 
-883.770941 
-425.962448 
1341.203311 
1794.431174 
665.901893 
765.210691 
1885.908394 
2758.688053 
625.473298 
2218.490225 
1518.469734 
2684.971414 
1157.056289 
2290.795729 
4972.382601 
2762.501830 
3057.399424 
3823.324679 
4655.502421 
8620.315347 
7836.345638 
5983.449885 
8186.781897 
7148.787696 
4843.269531 
6857.964757 
7985.901502 
6733.744589 
2747.320068 
6041.753315 
2542.115574 
1520.940634 
-1002.392341 
-1899.066429 
-4468.668032 
-3134.759042 
-14701.093534 
-11947.458011 
-15924.724767 
-19421.391840 
-20700.955356 
-26602.415889 
-20615.575700 
-32177.339245 
-28225.937177 
-27233.158129 
-22937.564565 
-25593.154746 
-19693.817062 
-20329.607839 
-4026.838790 
-3529.717858 
6516.535744 
28253.363460 
43284.280789 
34233.818665 
18435.236776 
13453.185213 
10822.087481 
35205.524784 
8356.657984 
5980.210400 
6811.649763 
6254.590232 
-865.373949 
-104.292662 
112.571766 
190.581383 
648.547889 
-413.222248 
16.319900 
700.699503 
686.327525 
809.015924 
783.342710 
1890.067506 
-6.026034 
921.464084 
801.631223 
1529.292612 
948.518775 
846.178547 
1039.670915 
2321.133167 
3224.037114 
2367.372473 
3091.137413 
3499.990799 
3920.647374 
6129.745322 
5626.828513 
5389.990327 
5713.750831 
6259.810885 
5089.073887 
3900.753095 
3218.388458 
5591.575073 
1901.358527 
1715.107517 
3016.784868 
5106.659218 
-1641.505604 
-554.594446 
-345.236920 
-4479.351606 
-9075.682384 
-10584.613289 
-10108.236111 
-14946.387817 
-18209.959701 
-19166.084804 
-19706.839525 
-16812.953081 
-20216.777922 
-20754.940438 
-21566.598063 
-22594.166699 
-15709.271947 
-12808.024667 
-7718.117805 
-3699.159166 
14319.727074 
18629.204716 
31060.932634 
16730.730594 
16843.429518 
12558.388365 
9810.270723 
8356.657984 
21456.658338 
6209.972852 
5006.371753 
5780.340884 
50.447083 
50.650569 
-318.216426 
-236.444968 
218.706039 
471.757263 
88.666731 
1338.741579 
88.778120 
1046.109319 
241.423209 
1074.253055 
-1087.005686 
536.758855 
692.169137 
597.771332 
386.118854 
-104.829688 
1953.532321 
3331.124847 
2070.309631 
1233.921548 
2233.757883 
2452.749657 
5264.948503 
4120.624585 
4125.899954 
3837.022696 
3485.731859 
3379.868848 
4124.689814 
4007.438217 
4019.302267 
5042.947115 
5642.616428 
2088.925700 
3906.367411 
2432.175930 
-1849.228506 
-2807.313581 
-2154.396843 
-1549.291690 
-6288.707047 
-8515.639557 
-12986.080954 
-12186.287679 
-9098.572878 
-13371.996625 
-15802.398601 
-14505.730566 
-17074.654182 
-23374.196566 
-16508.248240 
-17519.024891 
-16103.405065 
-12655.892346 
-7513.296263 
-1749.073805 
-549.519885 
19122.159537 
25586.217116 
15923.713524 
15681.540756 
9030.204339 
9277.473439 
5980.210400 
6209.972852 
18871.765364 
5796.769733 
4403.734299 
-1034.081818 
-1102.438451 
-1141.842980 
-1547.857536 
-418.159889 
-547.017313 
-440.655968 
-368.570974 
-350.309172 
210.044397 
-16.078234 
1000.883983 
-169.251998 
61.840453 
-70.904366 
1183.980211 
978.581131 
761.358697 
1194.926484 
2298.332247 
3072.635133 
1775.281963 
1967.657789 
3065.047105 
5075.456744 
5680.064382 
4181.299692 
3799.801840 
5201.678071 
7573.579981 
4833.101217 
5274.180878 
5919.770588 
7692.379986 
2822.152818 
2691.017699 
4928.358563 
4376.907198 
-376.013808 
588.163541 
-631.203699 
-4870.371947 
-10623.977798 
-6401.375042 
-12715.343907 
-12512.677089 
-13501.155588 
-14181.412832 
-15940.791333 
-21820.358342 
-15870.716658 
-20753.671884 
-16212.666264 
-18159.244419 
-19008.144695 
-12241.898761 
-6843.013811 
2947.145216 
819.460989 
20475.836453 
24868.233782 
19519.774677 
16281.982984 
9169.994099 
9753.736712 
6811.649763 
5006.371753 
5796.769733 
16286.713305 
5950.466257 
-486.979731 
-448.087441 
-118.033471 
-860.138375 
572.955815 
-178.961281 
148.347812 
249.601553 
-236.910550 
415.306826 
-618.904411 
130.244044 
125.388411 
889.075784 
148.628008 
1099.948897 
238.506642 
1356.872193 
142.087884 
893.374636 
2080.195321 
1465.039732 
536.114735 
2954.737609 
1612.693135 
4716.961908 
5978.292560 
3214.988642 
4599.953615 
6757.124747 
4840.494628 
4608.018965 
4384.871778 
4911.014332 
2775.806503 
4276.113907 
1976.735320 
2709.540848 
-218.769719 
1531.522990 
2212.091870 
-3204.105091 
-7179.094455 
-7801.452117 
-10701.516657 
-12354.044636 
-13216.445569 
-12490.483723 
-16307.979164 
-14487.069561 
-14428.197825 
-18940.071303 
-18394.342801 
-15234.513959 
-15226.274828 
-16302.843424 
-466.914967 
1189.880552 
4303.228522 
16413.154482 
21250.662819 
14311.598453 
16487.758632 
9626.831561 
9599.316769 
6254.590232 
5780.340884 
4403.734299 
5950.466257 
14955.787582 
