16089.9
6570.53
6136.59
7040.12
6498.16
6340.45
5363.15
5878.75
5906.72
5009.18
4668.72
3393.38
4396.91
3322.2
3658.34
4532.29
2752.94
3373.45
1739.46
1429.08
1365.45
121.278
713.942
715.215
-1689.76
-3620.53
-536.08
-2110.49
-2339.76
-8717.53
-7718.56
-9198.73
-8966.38
-6839.81
-9009.51
-13097.1
-11606.7
-13734.2
-13124.8
-10461.7
-12051.9
-12916.7
-5321.08
-6155.15
-3643.99
-5261.93
-4106.81
1749.54
-1874.41
-1960.95
1747.9
6056.82
5257.24
3895.75
5248.16
3988.41
8955.25
8110.92
10864.6
11334
9150.37
3189.44
-74.6238
505.484
-1497.55
437.584
-865.374
50.4471
-1034.08
-486.98
6570.53
15948.2
4817.06
5883.4
6823.5
5702.97
3842.89
4176.29
5087.6
5075.69
2958.98
4534.27
2914.47
4250.09
2448.09
4254.6
3265.31
2640.97
1734.87
1199.36
2358.75
1207.93
-498.037
348.973
-1980.33
-2361.18
-2364.43
-1698.78
-3681.71
-9092.52
-6504.08
-5584.62
-10969.6
-5154.31
-8980.49
-13050.4
-8354.1
-9452.92
-11066.7
-9583.82
-8916.13
-9924.71
-8045.62
-9178.9
-2666.78
-4663.68
-4579.73
82.9458
-2027.36
-2527.68
1475.23
4933.49
1403.85
4923.43
4733.09
3905.85
5071.78
4804.14
10331
10717.8
5203.25
4059.7
-46.4169
-368.251
-1316.78
-160.95
-104.293
50.6506
-1102.44
-448.087
6136.59
4817.06
16644.5
5829.88
6046.85
6339.69
4532.96
6984.71
5065.35
5174.59
3826.97
3904.7
4241.77
4268.95
2711
4502.21
2775.2
3193.76
2166.72
1731.99
-128.953
-88.7496
-1063
-96.9599
715.518
-1429.55
1361.4
-876.097
-2746.04
-6073.71
-6004.86
-7493.69
-9177.19
-5870.39
-10448.8
-13407.2
-10706.4
-10457.9
-13569.3
-7339.49
-8353.15
-9436.35
-8596.09
-8466.74
-4699.91
-4097.36
-4997.81
-1945.5
-4090.99
-1618.73
-1481.62
3548.74
2299.48
7715.73
2095.9
1786.14
6779.5
9005.24
9090.28
10327.5
9824.65
4873.08
-311.409
-236.998
-475.211
95.8815
112.572
-318.216
-1141.84
-118.033
7040.12
5883.4
5829.88
18079.8
5813.43
6253.31
4890.9
3454.9
6111.43
3410.34
4864.54
3829.09
5564.03
4107.88
3051.65
4096.8
3793.01
2983.07
2473.44
1314.01
1759.28
1922.43
953.216
2831.31
-261.136
-880.097
-326.313
-1010.99
-671.99
-7714.36
-5555.1
-6481.28
-6728.5
-10650.9
-10883.2
-12431.7
-12083.5
-12602.7
-10046
-9739.57
-9115.82
-12735.5
-7962.34
-10464.9
-7618
-5072.1
-5509.86
-7717.81
-4662.03
-3957.29
271.891
5796.74
-1531.03
4755.5
4627.35
4130.64
5291.72
5484.6
11232.1
17893.7
15382.2
2669.76
1241.23
2037.71
-1159.21
1230.97
190.581
-236.445
-1547.86
-860.138
6498.16
6823.5
6046.85
5813.43
20735.9
5847.37
4935.81
5085.14
6016.97
3682.61
2981.19
5917.21
4023.86
4709.12
2137.22
5052.25
4276.1
5455.42
2435.74
1127.45
2944.4
2577.19
617.824
675.178
-1566.5
-1312.7
74.0512
3.06902
-2823.92
-5400.8
-7326.02
-5602.25
-8744.07
-5771.15
-10635.1
-10137.4
-13796
-11089
-12817.8
-7142.44
-8823.37
-8535.27
-10444
-8537.7
-6543.19
-7777.24
-7411.84
-4416.55
-4857.87
-5352.73
-2552.93
3986.07
-107.134
6515.27
1282.44
1698.04
4992.95
5885.68
10895
15380.2
13364
3429.49
3776.71
1184.26
-96.2767
1080.11
648.548
218.706
-418.16
572.956
6340.45
5702.97
6339.69
6253.31
5847.37
19254.5
3596.61
4054.65
5668.75
3786.51
3855.68
5731.2
5172.47
5032.21
2272.12
3853.44
3203.18
3061.39
2113.99
874.69
397.072
664.673
964.616
1566.97
1702.2
-3143.03
-1237.56
-840.678
-826.004
-4788.27
-3717.88
-8530.4
-8849.97
-6515.93
-9611.65
-13310.4
-7694.27
-12259.7
-14923.2
-8734.08
-12104.3
-14241.5
-10799.8
-9340.58
-4189.04
-8998.96
-7108.39
-973.351
-4428.53
-5866.12
-1470.52
4562.92
3985.56
8165.03
3816.12
2207.89
8123.9
4957.39
10032.2
14032.2
13141.4
3211.96
2575.48
-38.0606
-999.539
-20.2702
-413.222
471.757
-547.017
-178.961
5363.15
3842.89
4532.96
4890.9
4935.81
3596.61
16610.5
6212.04
4184.94
4307.42
4181.35
5435.1
4280.98
2597.66
3947.52
4498.89
3450.85
3797.38
2717.67
2088.97
-960.585
1156.4
1578.92
138.223
149.618
-1967.41
-375.052
-2732.48
-816.139
-4154.26
-5583.93
-7738.59
-7902.79
-7857.23
-9163.38
-11797.6
-9635.13
-11000.8
-11799.9
-9376.77
-9350.66
-7734.99
-5081.59
-8600.69
-5450.98
-3987.16
-8140.87
-2139.53
-5759.24
-1882.21
-1011.53
1025.46
1375.01
3190.03
3454.63
544.201
8022.41
7589.59
11721.1
17116.1
12148.2
4788.01
1754.52
778.681
411.361
-883.771
16.3199
88.6667
-440.656
148.348
5878.75
4176.29
6984.71
3454.9
5085.14
4054.65
6212.04
22863.6
3956.32
6662.12
6770.45
2643.37
2145.07
1877.72
3865.84
3949.23
3414.53
6004.75
1199.81
3226.1
2715.95
1987.83
346.254
403.5
-1682.16
107.122
-866.229
691.218
-2978.52
-954.668
-4398.54
-10622
-9097.78
-5106.28
-9602.24
-9345
-11385
-10474.1
-14235.3
-10901.9
-10969.8
-10269
-9656.96
-8757.82
-11253
-7101.17
-8834.36
-4361.31
-5725.15
723.209
709.576
1769.57
1893.18
6683.55
627.71
1513.46
5866.13
8123.02
8146.37
14599.8
8585.56
8148.95
1256.95
123.744
-385.845
-425.962
700.7
1338.74
-368.571
249.602
5906.72
5087.6
5065.35
6111.43
6016.97
5668.75
4184.94
3956.32
23342.5
4000.03
2663.68
5356.48
5053.32
5968.55
3435.65
5595.29
3411.63
6075.56
3005.41
3403.39
691.378
3175.36
1466.11
648.286
-1106.25
-1941.19
-2594.57
-449.572
-3371.07
-5032.78
-3779.41
-5047.94
-6892.05
-5254.92
-9788.75
-7872.34
-8182.58
-10158.5
-9285.59
-10450.4
-7572.08
-13919.2
-7871.23
-9409.07
-8206.42
-5566.28
-6503.14
-8092.86
-1031.11
-8619.84
327.463
401.279
-437.891
797.488
-2631.59
-103.02
8972.22
6658.41
7194.55
8781.35
14835.4
7278.75
3036.35
988.961
921.58
1341.2
686.328
88.7781
-350.309
-236.911
5009.18
5075.69
5174.59
3410.34
3682.61
3786.51
4307.42
6662.12
4000.03
18702.6
4970.52
3823.4
2474.36
3981.91
3432.06
4149.01
4066.96
4351.02
3493.76
3347.14
2354.28
2987.82
634.478
2849.65
1389.83
2039.58
838.389
1083.53
-853.815
-2404.48
-3954.72
-6412.1
-8554.61
-4225.83
-6812.84
-8938.17
-5432.49
-9398.09
-11207.2
-11251
-10533.3
-11205.8
-11723.1
-10689.6
-7973.18
-7638.16
-8058.18
-2983.61
-6250.09
-5199.23
-4207.1
-2398.37
-1798.7
7.92975
-4989.49
-1130.77
3566.86
6330.99
8524.98
16467.5
13467.6
10297.9
3513.05
1551.24
1639.99
1794.43
809.016
1046.11
210.044
415.307
4668.72
2958.98
3826.97
4864.54
2981.19
3855.68
4181.35
6770.45
2663.68
4970.52
18339.5
2516.03
1869.31
1561.83
2922.1
2852.3
2680.36
3577.6
2022.18
4244.85
4479.88
3832.55
2781.77
1968.14
644.804
2820.59
-1889.92
2802.83
266.466
-445.992
-3695.56
-7802.99
-8912.47
-8421.03
-8134.92
-9789.26
-8456.86
-10862.5
-9773.46
-9920.59
-12015.5
-8537.45
-10800.1
-10556.1
-6570.56
-8255.52
-6997.13
-7221.77
-5805.1
-5121.03
-4970.39
-1713.72
1984.12
2960.7
1277.78
3375.51
5756.17
8144.04
13518.6
21259.3
11185
7707.53
121.111
839.572
293.942
665.902
783.343
241.423
-16.0782
-618.904
3393.38
4534.27
3904.7
3829.09
5917.21
5731.2
5435.1
2643.37
5356.48
3823.4
2516.03
24441.1
5196.42
4799.93
1680.96
6214.31
5215.19
3159.62
6578.94
2784.08
1590.89
3988.42
2623.29
1097.01
5144.5
-1488.89
-738.908
1343.82
1483.24
-3663.04
-1675.84
-3101.81
-10379.8
-7513.82
-10047.8
-8783.34
-8451.74
-10005.1
-11290.4
-7664.89
-9220.44
-12654.9
-11556.6
-14009.6
-6372.04
-8890.78
-13132.8
-10535.8
-11996.7
-10800
-5019.03
-2171.65
-7042.2
4752.73
-3337.88
5512.2
4926.23
10524.3
13348.3
21883.3
17530.2
7619.02
4975.33
2124.1
1991.3
765.211
1890.07
1074.25
1000.88
130.244
4396.91
2914.47
4241.77
5564.03
4023.86
5172.47
4280.98
2145.07
5053.32
2474.36
1869.31
5196.42
20714.3
3069.06
2713.48
4831.78
1902.94
3161.57
4734.38
1493.9
36.5066
1871
3022.49
2579.32
2087.03
-417.899
396.094
-619.491
2084
-3875.51
-4150.03
-5465.99
-4708.35
-4576.69
-9245.07
-8603.07
-10600.8
-10617.7
-8583.59
-8763.8
-6508.28
-10948.6
-12493.9
-10823.3
-1649.41
-4718.36
-8816.29
-4457.03
-6783.03
-9711.15
-5114.5
3033.17
1232.76
2267.57
981.425
-1216.8
9039.96
9144.33
8979.51
15184
13428.9
6359.74
2422.42
2567.18
1241.5
1885.91
-6.02603
-1087.01
-169.252
125.388
3322.2
4250.09
4268.95
4107.88
4709.12
5032.21
2597.66
1877.72
5968.55
3981.91
1561.83
4799.93
3069.06
22748.1
1988.38
6295.47
3096.8
4419.22
3662.82
3567.13
3603.73
1884.91
2896.75
1805.54
5650.44
2217.08
-1958.82
3521.62
-742.237
-2981.35
-1480.48
-3022.72
-9509.27
-3498.1
-6636.54
-9157.41
-6172.18
-8085.97
-11247
-5681.51
-12527.8
-10662.5
-9198.72
-10657.9
-10095.9
-9353.66
-9015.05
-8912.04
-8272.3
-10998.7
-3274.61
-935.061
-2711.77
-229.958
-2555.31
1035.67
8652.89
1793.44
9289.77
10185.3
21060.1
7126.27
2804.06
1791.62
2265.06
2758.69
921.464
536.759
61.8405
889.076
3658.34
2448.09
2711
3051.65
2137.22
2272.12
3947.52
3865.84
3435.65
3432.06
2922.1
1680.96
2713.48
1988.38
19690.3
6152.83
2765.39
3011.54
1379.49
2507.63
1116.07
2652.68
5053.22
3525.5
3007.05
2372.53
331.101
-1192.41
-287.753
745.532
-2669.03
-3889.08
-3329.45
937.064
-4717.95
-3422.69
-6688.15
-8060.79
-6172.3
-5045.28
-6449.48
-12607.6
-6310.43
-10981.7
-5766.08
-8617.09
-7420.83
-6403.22
-3569.2
-6621.5
-3356.16
-4768.53
-2457.81
-5322.02
-1247.1
-3035.08
2033.67
567.639
8335.4
15444.9
14409
8152.21
2764.88
557.499
1266.18
625.473
801.631
692.169
-70.9044
148.628
4532.29
4254.6
4502.21
4096.8
5052.25
3853.44
4498.89
3949.23
5595.29
4149.01
2852.3
6214.31
4831.78
6295.47
6152.83
27546.3
5705.97
3666.78
5117.77
4611.53
3096.96
3360.54
4350.01
3796.41
3351.15
2337.34
875.573
-1411.27
1046.82
917.705
-2314.27
-2313.35
-10491.9
-966.573
-8543.9
-9064.17
-14171.4
-7954.9
-10593.2
-9502.12
-10984.8
-10555.3
-14591.8
-14088
-12639.7
-15238.2
-12508.1
-8723.23
-9325.79
-11097.7
-6255.56
-4572.96
-5198.91
-5473.29
-4859.77
2571.47
6610.37
10282.2
11261.7
21036.3
17468.1
9705.33
5190.19
2658.21
2222.14
2218.49
1529.29
597.771
1183.98
1099.95
2752.94
3265.31
2775.2
3793.01
4276.1
3203.18
3450.85
3414.53
3411.63
4066.96
2680.36
5215.19
1902.94
3096.8
2765.39
5705.97
22745.4
2635.28
4333.26
3732.44
3603.69
4362.62
4458.19
1445.87
2440.15
3092.22
1380.44
1130.52
1695.28
1236.89
-2906.31
-2321.45
-4975.86
-3807.55
-5746.76
-7040.06
-4424.2
-6568.97
-8851.42
-9140.84
-8451.86
-8151.15
-9384.93
-10055.7
-11198.6
-8924.43
-11885.8
-6940.31
-8111.63
-8322.87
-6743.8
-2774.05
-7930.44
1651.87
-3502.99
310.338
2258.33
8183.14
7562.63
12618.4
16215.7
5756.89
4492.17
2603.98
1866.16
1518.47
948.519
386.119
978.581
238.507
3373.45
2640.97
3193.76
2983.07
5455.42
3061.39
3797.38
6004.75
6075.56
4351.02
3577.6
3159.62
3161.57
4419.22
3011.54
3666.78
2635.28
29431.7
5169.7
574.978
4418.8
3564.24
5106.33
3783.41
3694.12
6360.4
1789.62
3955.37
2000.22
1692.09
642.8
-6461.76
-4222.57
-2036.51
-4066.83
-3745.16
-10651
-9270.55
-12159.6
-7314.02
-9678.07
-15000.9
-14798.8
-9865.97
-9147.69
-8573.91
-13542.6
-9344.59
-9613.05
-12308.8
-11573.9
-7313.77
-3758.49
-1825.79
-2251.73
-6350.68
2773.38
5745.01
7581.69
15692.2
20472.2
11805.6
4058.95
2603.03
4697.23
2684.97
846.179
-104.83
761.359
1356.87
1739.46
1734.87
2166.72
2473.44
2435.74
2113.99
2717.67
1199.81
3005.41
3493.76
2022.18
6578.94
4734.38
3662.82
1379.49
5117.77
4333.26
5169.7
32484.8
4299.84
4763.45
7460.71
4181.6
1186.41
6482.56
3162.65
3427.03
4392.71
4333.93
-2154.49
1834.87
1573.07
-2966.83
-3762.79
-4050.08
-3559.69
-9527.23
-7999.04
-7821.79
-15715.3
-10056.1
-14184.8
-14337.2
-10714.2
-9887.25
-11499.4
-12111.7
-11799.3
-16107.7
-15501.9
-13835.2
-9576.24
-5477.78
57.045
-7674.39
330.447
-5087.88
11158.7
8125.57
22804.6
22424.5
8321.9
5707.17
4540.11
4535.1
1157.06
1039.67
1953.53
1194.93
142.088
1429.08
1199.36
1731.99
1314.01
1127.45
874.69
2088.97
3226.1
3403.39
3347.14
4244.85
2784.08
1493.9
3567.13
2507.63
4611.53
3732.44
574.978
4299.84
38168.1
6685.56
8770.31
11633
3789.02
2614.66
8095.93
46.0613
6031.71
1255.12
1824.57
155.821
4407.61
-827.069
-933.736
3671.13
-2625.84
-150.077
-1031.25
-3817.92
-7940.81
-13931.1
-11175.5
-10561.1
-11560.8
-15786.6
-16789.7
-14905
-14262.2
-14063
-20912.3
-8466.36
-14682.6
-5635.63
-11196.5
-20754.5
-3314.28
903.48
11180.9
2664.17
18653
17615.4
13350.3
3845.08
2614.46
5966.62
2290.8
2321.13
3331.12
2298.33
893.375
1365.45
2358.75
-128.953
1759.28
2944.4
397.072
-960.585
2715.95
691.378
2354.28
4479.88
1590.89
36.5066
3603.73
1116.07
3096.96
3603.69
4418.8
4763.45
6685.56
38784.7
5943.94
7426.07
5355.29
6615.04
10321.6
2397.47
9952.29
5855.99
6542.55
5275.84
4820.24
3510.62
2624.9
124
5433.81
-5821.91
-5808.93
194.537
-4664.01
-9941.94
-10667.4
-12968.6
-13954.9
-24083.5
-18987.7
-16378.3
-17724.8
-18106.4
-16067.8
-15130.1
-13151.5
-12381.2
-11647.3
-9901.73
-7509.99
-8099.12
2807.01
3967.28
19793.7
17670.1
13047.7
7944.8
3262.39
5609.04
4972.38
3224.04
2070.31
3072.64
2080.2
121.278
1207.93
-88.7496
1922.43
2577.19
664.673
1156.4
1987.83
3175.36
2987.82
3832.55
3988.42
1871
1884.91
2652.68
3360.54
4362.62
3564.24
7460.71
8770.31
5943.94
36607.1
8788.34
3154.89
4733.27
8994.21
1239.72
7498.07
4580.83
8106.87
2508.19
3941.23
-454.026
3087.05
2774.93
1967.85
-3240.02
-2989.31
-6797.03
-8999.52
-9617
-9671.29
-16571.2
-11825.8
-13769.2
-16052.8
-18583.4
-15009.1
-13299.4
-19628.4
-18720.4
-12884.8
-13844.8
-9478.83
-13936.4
-5417.61
-5159.59
4283.37
6301.7
20769.9
24720.9
10897.4
9084.52
6049.77
3989.49
2762.5
2367.37
1233.92
1775.28
1465.04
713.942
-498.037
-1063
953.216
617.824
964.616
1578.92
346.254
1466.11
634.478
2781.77
2623.29
3022.49
2896.75
5053.22
4350.01
4458.19
5106.33
4181.6
11633
7426.07
8788.34
51637.8
6538.87
7100.64
6787.56
6067.11
6776.54
3676.32
8590.64
4347.34
4515.36
3935.35
5738.91
-1070.58
3475.64
74.5343
-3876.83
-2507.8
-684.076
-12035.7
-7203.04
-8071.92
-12187.3
-12568.8
-14835.4
-21851.3
-18688
-16430.7
-27107.8
-18784.1
-18098.5
-14780.6
-19687.9
-19320.2
-6247.92
-10327.6
-3760.9
594.363
19232.1
25962.8
14267.8
8396.48
2198.05
6202.67
3057.4
3091.14
2233.76
1967.66
536.115
715.215
348.973
-96.9599
2831.31
675.178
1566.97
138.223
403.5
648.286
2849.65
1968.14
1097.01
2579.32
1805.54
3525.5
3796.41
1445.87
3783.41
1186.41
3789.02
5355.29
3154.89
6538.87
36861.7
7711.02
8087.08
4793.98
6277.9
5325.14
8207.52
2821.48
-1186.89
7858.71
2288.37
3405.28
4249.72
-8052.2
-5152.13
-3835.07
-4326.46
-4760.87
-11296.8
-14957.8
-11733.6
-14439.6
-8904.2
-14148.8
-20070.7
-15805.9
-18330.9
-16466.1
-12311.8
-16503.4
-19092.8
-10778
-5971.28
-1096.25
1353.21
8032.42
24679.7
18797.2
14786.3
11606.4
6100.69
5855.17
3823.32
3499.99
2452.75
3065.05
2954.74
-1689.76
-1980.33
715.518
-261.136
-1566.5
1702.2
149.618
-1682.16
-1106.25
1389.83
644.804
5144.5
2087.03
5650.44
3007.05
3351.15
2440.15
3694.12
6482.56
2614.66
6615.04
4733.27
7100.64
7711.02
54952.5
9378.87
3353.23
9507.31
7404.6
8196.01
9310.47
3918.07
10183.7
4986.76
8508.09
3223.88
5911.2
-7422.32
-1979.45
-178.9
-8921.41
-9362.64
-14479.8
-12442.2
-11055.6
-17433
-16564.2
-16661.6
-17266.8
-26090.7
-23016.7
-23240.4
-15395
-16651
-12098.7
-9419.51
-7947.12
-3997.18
1704.64
22706.9
21429.3
15838.2
6206.13
3702.61
8886.72
4655.5
3920.65
5264.95
5075.46
1612.69
-3620.53
-2361.18
-1429.55
-880.097
-1312.7
-3143.03
-1967.41
107.122
-1941.19
2039.58
2820.59
-1488.89
-417.899
2217.08
2372.53
2337.34
3092.22
6360.4
3162.65
8095.93
10321.6
8994.21
6787.56
8087.08
9378.87
61906.6
3445.69
11626.1
8959.02
17671.3
8747.75
10029.9
10727.1
6308.14
11275.4
14256
5698.05
2883.38
-3471.59
-498.458
-11219.7
-12025.1
-24978.1
-10240.4
-21752.7
-18032.8
-26799
-26787.3
-22583.3
-26112.1
-29314
-29160.4
-24914
-19439.5
-29416.6
-16102.7
-6068
1244.98
-2085.5
18473.7
33294.6
22893.4
16904.2
10860.6
10819.1
8620.32
6129.75
4120.62
5680.06
4716.96
-536.08
-2364.43
1361.4
-326.313
74.0512
-1237.56
-375.052
-866.229
-2594.57
838.389
-1889.92
-738.908
396.094
-1958.82
331.101
875.573
1380.44
1789.62
3427.03
46.0613
2397.47
1239.72
6067.11
4793.98
3353.23
3445.69
59897.7
6267.38
12848.3
13938.7
9612.82
10031.1
12400.5
11054.3
5778.47
10762.6
83.6754
-2607.85
5819.56
4441.42
5248.12
-151.739
-7118.72
-11925
-16169.4
-11045.9
-14189.8
-16491
-20408.2
-20391.8
-25985.7
-24610.3
-27157.6
-25005.6
-16781.1
-17092.1
-16636.1
-3676.68
4216.52
11733.9
21770.2
13557.2
14030
9046.94
5636.42
7836.35
5626.83
4125.9
4181.3
5978.29
-2110.49
-1698.78
-876.097
-1010.99
3.06902
-840.678
-2732.48
691.218
-449.572
1083.53
2802.83
1343.82
-619.491
3521.62
-1192.41
-1411.27
1130.52
3955.37
4392.71
6031.71
9952.29
7498.07
6776.54
6277.9
9507.31
11626.1
6267.38
58206
9083.49
7945.36
7120.46
5983.62
11569
8280.01
2991.22
10983.7
4609.25
-2924.44
-666.934
-411.103
-3771.98
-1979.27
-8714.64
-11807
-16975.8
-14575
-14889.6
-19801.6
-18857.5
-24517.2
-26456.1
-24371.7
-23246.9
-14742.2
-14052.9
-15199.9
-16347.8
-310.522
1885.58
10515.9
23874.5
10589.3
11109.9
5121.09
8925.16
5983.45
5389.99
3837.02
3799.8
3214.99
-2339.76
-3681.71
-2746.04
-671.99
-2823.92
-826.004
-816.139
-2978.52
-3371.07
-853.815
266.466
1483.24
2084
-742.237
-287.753
1046.82
1695.28
2000.22
4333.93
1255.12
5855.99
4580.83
3676.32
5325.14
7404.6
8959.02
12848.3
9083.49
65467.1
15999.7
12675.9
12153.7
15733.2
8277.36
2580.27
14952.4
5215.83
1681.98
4323.1
3009.12
5711.21
-3373.24
-11807
-14527.2
-19520.3
-18751.9
-16078.3
-24648.4
-27610.8
-24146
-23204.5
-29138.2
-26133.6
-30030.9
-18790.2
-18494.7
-12029.3
-4312.97
6684.5
16512.2
31829.4
18924.4
17274
11305.3
11097.1
8186.78
5713.75
3485.73
5201.68
4599.95
-8717.53
-9092.52
-6073.71
-7714.36
-5400.8
-4788.27
-4154.26
-954.668
-5032.78
-2404.48
-445.992
-3663.04
-3875.51
-2981.35
745.532
917.705
1236.89
1692.09
-2154.49
1824.57
6542.55
8106.87
8590.64
8207.52
8196.01
17671.3
13938.7
7945.36
15999.7
92309.1
19466.8
17616.6
21827.6
16157.9
17977.9
20188.4
15100
8924.21
10145.6
14575.7
8191.96
-282.97
-7295.5
-11478.6
-23991.3
-15572.7
-24044
-25548.3
-21901.9
-28523.2
-27758
-30770.3
-29863.4
-31896
-21025.5
-24624.4
-15561.3
-13517
-10301.2
1417.07
20481.3
16224.1
16437.3
7678.54
9411.95
7148.79
6259.81
3379.87
7573.58
6757.12
-7718.56
-6504.08
-6004.86
-5555.1
-7326.02
-3717.88
-5583.93
-4398.54
-3779.41
-3954.72
-3695.56
-1675.84
-4150.03
-1480.48
-2669.03
-2314.27
-2906.31
642.8
1834.87
155.821
5275.84
2508.19
4347.34
2821.48
9310.47
8747.75
9612.82
7120.46
12675.9
19466.8
84275.6
18641.3
19880.8
13738.2
20351.3
19408.2
13018.3
9693.63
18146.5
6978.73
8412.33
6581.75
-7874.32
-6139.66
-11649.5
-14063.2
-11929
-15348.1
-19244.8
-23185.8
-25801.8
-32240.1
-26488.3
-20007.2
-18745.3
-30124.2
-21834.6
-16049.6
-20556.2
219.119
12061
6177.48
15910.9
9205.94
9859.5
4843.27
5089.07
4124.69
4833.1
4840.49
-9198.73
-5584.62
-7493.69
-6481.28
-5602.25
-8530.4
-7738.59
-10622
-5047.94
-6412.1
-7802.99
-3101.81
-5465.99
-3022.72
-3889.08
-2313.35
-2321.45
-6461.76
1573.07
4407.61
4820.24
3941.23
4515.36
-1186.89
3918.07
10029.9
10031.1
5983.62
12153.7
17616.6
18641.3
96922.3
23348.2
17909.3
20273
31434.1
18066.2
24857.4
20451.6
12544
21838.3
18178.5
-1320.46
2554.92
-10216
-11776.2
-9909.36
-19944.8
-13016
-19708.9
-25729.4
-29493.2
-34120.5
-32431.2
-19290.3
-25915.4
-26900.2
-27185.8
-18687.1
-16334.4
-4023.25
8109.51
11616.2
6472.29
8499.45
6857.96
3900.75
4007.44
5274.18
4608.02
-8966.38
-10969.6
-9177.19
-6728.5
-8744.07
-8849.97
-7902.79
-9097.78
-6892.05
-8554.61
-8912.47
-10379.8
-4708.35
-9509.27
-3329.45
-10491.9
-4975.86
-4222.57
-2966.83
-827.069
3510.62
-454.026
3935.35
7858.71
10183.7
10727.1
12400.5
11569
15733.2
21827.6
19880.8
23348.2
121892
20568.1
27352.5
33377.5
21651.4
19024.8
28234.5
19754.7
27655.1
17167.3
5710.65
14553.4
-4696.08
-3256.16
-3374.91
-18509.6
-11611.7
-22840.1
-14876.9
-30603.7
-30140.5
-33804.3
-32849.7
-31764
-25921.6
-25274.3
-42876.4
-28306.1
-1477.42
3683.66
7569.51
2750.29
7284.88
7985.9
3218.39
4019.3
5919.77
4384.87
-6839.81
-5154.31
-5870.39
-10650.9
-5771.15
-6515.93
-7857.23
-5106.28
-5254.92
-4225.83
-8421.03
-7513.82
-4576.69
-3498.1
937.064
-966.573
-3807.55
-2036.51
-3762.79
-933.736
2624.9
3087.05
5738.91
2288.37
4986.76
6308.14
11054.3
8280.01
8277.36
16157.9
13738.2
17909.3
20568.1
127872
17271.7
29799.4
18445.1
20774
18885.4
22546.5
14045.2
16559.5
-2538.41
2261.87
4915.21
-5799.25
-6615.73
-7643.97
-12885.9
-17866.5
-22884.1
-39511
-29171
-40448.5
-28274.1
-35210.6
-33421.1
-28763.9
-20156.3
-24982.1
-4225.06
10520.5
13688.4
4275.3
9056.85
6733.74
5591.58
5042.95
7692.38
4911.01
-9009.51
-8980.49
-10448.8
-10883.2
-10635.1
-9611.65
-9163.38
-9602.24
-9788.75
-6812.84
-8134.92
-10047.8
-9245.07
-6636.54
-4717.95
-8543.9
-5746.76
-4066.83
-4050.08
3671.13
124
2774.93
-1070.58
3405.28
8508.09
11275.4
5778.47
2991.22
2580.27
17977.9
20351.3
20273
27352.5
17271.7
134636
24531.2
27519.7
31561.6
34421.1
19028.5
17051.4
19123.8
11261.2
16683.6
4816.37
7219.05
-2840.17
-4493.97
-5179.95
-5721.98
-18776.8
-34111.2
-26587.1
-22835.5
-26682.9
-28491.8
-33197.9
-35722
-36855.5
-32774.8
-27445.4
-5273.88
9075.64
6392.94
6253.37
2747.32
1901.36
5642.62
2822.15
2775.81
-13097.1
-13050.4
-13407.2
-12431.7
-10137.4
-13310.4
-11797.6
-9345
-7872.34
-8938.17
-9789.26
-8783.34
-8603.07
-9157.41
-3422.69
-9064.17
-7040.06
-3745.16
-3559.69
-2625.84
5433.81
1967.85
3475.64
4249.72
3223.88
14256
10762.6
10983.7
14952.4
20188.4
19408.2
31434.1
33377.5
29799.4
24531.2
143484
27829.9
31619.8
30051.4
22898
27057.7
18269.6
12582.1
13315.1
-1454
6917.75
9610.16
-13537.5
-2905.45
-7812.22
-16558.6
-29871.3
-32269.3
-29818.4
-28867.3
-33558.2
-29344.9
-30110.6
-50554.3
-32201.4
-33030.6
296.144
10097.8
455.264
4627.41
6041.75
1715.11
2088.93
2691.02
4276.11
-11606.7
-8354.1
-10706.4
-12083.5
-13796
-7694.27
-9635.13
-11385
-8182.58
-5432.49
-8456.86
-8451.74
-10600.8
-6172.18
-6688.15
-14171.4
-4424.2
-10651
-9527.23
-150.077
-5821.91
-3240.02
74.5343
-8052.2
5911.2
5698.05
83.6754
4609.25
5215.83
15100
13018.3
18066.2
21651.4
18445.1
27519.7
27829.9
157623
34934.6
20785.2
28358.7
29304.2
28490.5
23197.5
22556.5
16836.7
18127.2
12655.6
17291.8
4955.83
-3330.77
3770.82
-10658.6
-25457.8
-27592.6
-25500.8
-22921.4
-35445.9
-49119
-45468.9
-52465.4
-35445.6
-17486
-3707.16
2582.21
-84.053
2542.12
3016.78
3906.37
4928.36
1976.74
-13734.2
-9452.92
-10457.9
-12602.7
-11089
-12259.7
-11000.8
-10474.1
-10158.5
-9398.09
-10862.5
-10005.1
-10617.7
-8085.97
-8060.79
-7954.9
-6568.97
-9270.55
-7999.04
-1031.25
-5808.93
-2989.31
-3876.83
-5152.13
-7422.32
2883.38
-2607.85
-2924.44
1681.98
8924.21
9693.63
24857.4
19024.8
20774
31561.6
31619.8
34934.6
145680
36182.5
34274.7
32229.5
34595.6
17498.1
21820.9
20005.6
4759.4
11004.4
9563.17
5508.34
11667.3
-469.883
-13451.5
-16218.3
-32103
-26983.3
-26902.6
-25507.2
-33912.3
-51197.7
-57913.1
-27142.1
-14295.9
-1800.31
2878.1
2898.35
1520.94
5106.66
2432.18
4376.91
2709.54
-13124.8
-11066.7
-13569.3
-10046
-12817.8
-14923.2
-11799.9
-14235.3
-9285.59
-11207.2
-9773.46
-11290.4
-8583.59
-11247
-6172.3
-10593.2
-8851.42
-12159.6
-7821.79
-3817.92
194.537
-6797.03
-2507.8
-3835.07
-1979.45
-3471.59
5819.56
-666.934
4323.1
10145.6
18146.5
20451.6
28234.5
18885.4
34421.1
30051.4
20785.2
36182.5
154338
25736.8
32102.1
34082.8
28162.6
23251.6
21171.7
15908.2
21315.2
9919.27
18344.6
7077.22
-268.471
-15174.9
-6635.56
-24327.9
-14351
-27890.7
-36968.3
-33201.5
-53187.2
-59278.1
-49039.9
-24516.2
-3558.69
312.539
-1564.51
-1002.39
-1641.51
-1849.23
-376.014
-218.77
-10461.7
-9583.82
-7339.49
-9739.57
-7142.44
-8734.08
-9376.77
-10901.9
-10450.4
-11251
-9920.59
-7664.89
-8763.8
-5681.51
-5045.28
-9502.12
-9140.84
-7314.02
-15715.3
-7940.81
-4664.01
-8999.52
-684.076
-4326.46
-178.9
-498.458
4441.42
-411.103
3009.12
14575.7
6978.73
12544
19754.7
22546.5
19028.5
22898
28358.7
34274.7
25736.8
149578
30381.7
34032.5
22747.1
20167.1
25354.6
15684.9
21630.8
11255.5
6409.51
10353.6
9763.8
-4424.79
-7903
-15121.7
-1582.04
-18606.1
-23515.9
-33449.3
-46237.4
-65616.3
-52679.8
-23180.6
-6611.79
-6124.32
-4471.95
-1899.07
-554.594
-2807.31
588.164
1531.52
-12051.9
-8916.13
-8353.15
-9115.82
-8823.37
-12104.3
-9350.66
-10969.8
-7572.08
-10533.3
-12015.5
-9220.44
-6508.28
-12527.8
-6449.48
-10984.8
-8451.86
-9678.07
-10056.1
-13931.1
-9941.94
-9617
-12035.7
-4760.87
-8921.41
-11219.7
5248.12
-3771.98
5711.21
8191.96
8412.33
21838.3
27655.1
14045.2
17051.4
27057.7
29304.2
32229.5
32102.1
30381.7
166177
39722.1
28553.3
30725.7
23993.6
29993.7
27216.2
21832.8
16636.9
23168.5
18197
6765.1
-4059.82
-11876.1
2908.56
-22179.8
-27371.3
-48988.6
-59840.8
-67765.3
-81539.6
-32021.9
-8074.33
-5999.61
-7627.27
-4468.67
-345.237
-2154.4
-631.204
2212.09
-12916.7
-9924.71
-9436.35
-12735.5
-8535.27
-14241.5
-7734.99
-10269
-13919.2
-11205.8
-8537.45
-12654.9
-10948.6
-10662.5
-12607.6
-10555.3
-8151.15
-15000.9
-14184.8
-11175.5
-10667.4
-9671.29
-7203.04
-11296.8
-9362.64
-12025.1
-151.739
-1979.27
-3373.24
-282.97
6581.75
18178.5
17167.3
16559.5
19123.8
18269.6
28490.5
34595.6
34082.8
34032.5
39722.1
173173
44217.1
37141.2
33117.3
28284.3
31821.1
32390.2
25189.1
42049
24201.9
3596.56
6450.38
-4342.89
3231.16
-13255.2
-27905.6
-44690.7
-52100.2
-81655.1
-81336.5
-43680.8
-16081
-11295.9
-10100.5
-3134.76
-4479.35
-1549.29
-4870.37
-3204.11
-5321.08
-8045.62
-8596.09
-7962.34
-10444
-10799.8
-5081.59
-9656.96
-7871.23
-11723.1
-10800.1
-11556.6
-12493.9
-9198.72
-6310.43
-14591.8
-9384.93
-14798.8
-14337.2
-10561.1
-12968.6
-16571.2
-8071.92
-14957.8
-14479.8
-24978.1
-7118.72
-8714.64
-11807
-7295.5
-7874.32
-1320.46
5710.65
-2538.41
11261.2
12582.1
23197.5
17498.1
28162.6
22747.1
28553.3
44217.1
193188
32734.7
27663.6
45473.8
49842.3
40760.5
44009.6
48853
41216.3
29440.1
34738.4
18164.5
35215.5
20137.7
-11339.7
-37115.8
-39658.5
-95945.6
-80180.7
-62561.6
-35773.2
-20693.4
-19107
-14701.1
-9075.68
-6288.71
-10624
-7179.09
-6155.15
-9178.9
-8466.74
-10464.9
-8537.7
-9340.58
-8600.69
-8757.82
-9409.07
-10689.6
-10556.1
-14009.6
-10823.3
-10657.9
-10981.7
-14088
-10055.7
-9865.97
-10714.2
-11560.8
-13954.9
-11825.8
-12187.3
-11733.6
-12442.2
-10240.4
-11925
-11807
-14527.2
-11478.6
-6139.66
2554.92
14553.4
2261.87
16683.6
13315.1
22556.5
21820.9
23251.6
20167.1
30725.7
37141.2
32734.7
185660
39640.7
43502.8
45353.5
45410.4
39350.8
46533.5
46811.9
52229.8
33256.7
26927.3
5355.79
963.084
-5751.2
-25054.2
-57963.8
-94988.6
-100970
-52831.2
-34537.6
-18609
-13983.8
-11947.5
-10584.6
-8515.64
-6401.38
-7801.45
-3643.99
-2666.78
-4699.91
-7618
-6543.19
-4189.04
-5450.98
-11253
-8206.42
-7973.18
-6570.56
-6372.04
-1649.41
-10095.9
-5766.08
-12639.7
-11198.6
-9147.69
-9887.25
-15786.6
-24083.5
-13769.2
-12568.8
-14439.6
-11055.6
-21752.7
-16169.4
-16975.8
-19520.3
-23991.3
-11649.5
-10216
-4696.08
4915.21
4816.37
-1454
16836.7
20005.6
21171.7
25354.6
23993.6
33117.3
27663.6
39640.7
202795
48195.2
44085.3
64219.9
49302.2
45737.7
37658.5
31323.9
36785.3
29151.8
20109.7
18455.6
-8532.26
-11230.4
-36617.3
-80143.7
-98154.3
-53967.6
-43307.4
-22972.1
-18504.3
-15924.7
-10108.2
-12986.1
-12715.3
-10701.5
-5261.93
-4663.68
-4097.36
-5072.1
-7777.24
-8998.96
-3987.16
-7101.17
-5566.28
-7638.16
-8255.52
-8890.78
-4718.36
-9353.66
-8617.09
-15238.2
-8924.43
-8573.91
-11499.4
-16789.7
-18987.7
-16052.8
-14835.4
-8904.2
-17433
-18032.8
-11045.9
-14575
-18751.9
-15572.7
-14063.2
-11776.2
-3256.16
-5799.25
7219.05
6917.75
18127.2
4759.4
15908.2
15684.9
29993.7
28284.3
45473.8
43502.8
48195.2
200535
56366.3
57608.3
54525.7
55349
42992.8
57282.9
50970.3
46682.7
29262.1
16825
-5873.33
-16763.5
-51664.6
-97875.4
-113734
-63257.8
-38756
-23333.4
-24464.6
-19421.4
-14946.4
-12186.3
-12512.7
-12354
-4106.81
-4579.73
-4997.81
-5509.86
-7411.84
-7108.39
-8140.87
-8834.36
-6503.14
-8058.18
-6997.13
-13132.8
-8816.29
-9015.05
-7420.83
-12508.1
-11885.8
-13542.6
-12111.7
-14905
-16378.3
-18583.4
-21851.3
-14148.8
-16564.2
-26799
-14189.8
-14889.6
-16078.3
-24044
-11929
-9909.36
-3374.91
-6615.73
-2840.17
9610.16
12655.6
11004.4
21315.2
21630.8
27216.2
31821.1
49842.3
45353.5
44085.3
56366.3
214613
51493
55945.2
71157.3
62753.5
54420.5
61801.5
38831.4
34083.8
30470.1
-4366.12
-17142.2
-49396.5
-87703
-134366
-70235.4
-45749.6
-35681.5
-28334.2
-20701
-18210
-9098.57
-13501.2
-13216.4
1749.54
82.9458
-1945.5
-7717.81
-4416.55
-973.351
-2139.53
-4361.31
-8092.86
-2983.61
-7221.77
-10535.8
-4457.03
-8912.04
-6403.22
-8723.23
-6940.31
-9344.59
-11799.3
-14262.2
-17724.8
-15009.1
-18688
-20070.7
-16661.6
-26787.3
-16491
-19801.6
-24648.4
-25548.3
-15348.1
-19944.8
-18509.6
-7643.97
-4493.97
-13537.5
17291.8
9563.17
9919.27
11255.5
21832.8
32390.2
40760.5
45410.4
64219.9
57608.3
51493
223652
56995.8
66714.2
62230
68987.7
57048.7
47018.8
42296.3
21649.8
4705.94
-16346.5
-52482.6
-97294.8
-123435
-75063.9
-50742.5
-29932
-26027.1
-26602.4
-19166.1
-13372
-14181.4
-12490.5
-1874.41
-2027.36
-4090.99
-4662.03
-4857.87
-4428.53
-5759.24
-5725.15
-1031.11
-6250.09
-5805.1
-11996.7
-6783.03
-8272.3
-3569.2
-9325.79
-8111.63
-9613.05
-16107.7
-14063
-18106.4
-13299.4
-16430.7
-15805.9
-17266.8
-22583.3
-20408.2
-18857.5
-27610.8
-21901.9
-19244.8
-13016
-11611.7
-12885.9
-5179.95
-2905.45
4955.83
5508.34
18344.6
6409.51
16636.9
25189.1
44009.6
39350.8
49302.2
54525.7
55945.2
56995.8
221392
66137.2
55247.8
65121.5
65585.5
49476.7
41354.8
34730.9
6352.14
-10671.5
-34931.6
-82983.9
-119742
-68696
-53992
-36633.4
-33976.6
-20615.6
-19706.8
-15802.4
-15940.8
-16308
-1960.95
-2527.68
-1618.73
-3957.29
-5352.73
-5866.12
-1882.21
723.209
-8619.84
-5199.23
-5121.03
-10800
-9711.15
-10998.7
-6621.5
-11097.7
-8322.87
-12308.8
-15501.9
-20912.3
-16067.8
-19628.4
-27107.8
-18330.9
-26090.7
-26112.1
-20391.8
-24517.2
-24146
-28523.2
-23185.8
-19708.9
-22840.1
-17866.5
-5721.98
-7812.22
-3330.77
11667.3
7077.22
10353.6
23168.5
42049
48853
46533.5
45737.7
55349
71157.3
66714.2
66137.2
261648
70933.2
74054.6
57335.6
57648
67319.5
40329.1
12823.6
-23170.9
-38682.1
-101311
-130938
-89057.9
-56360
-33270.7
-34790.2
-32177.3
-16813
-14505.7
-21820.4
-14487.1
1747.9
1475.23
-1481.62
271.891
-2552.93
-1470.52
-1011.53
709.576
327.463
-4207.1
-4970.39
-5019.03
-5114.5
-3274.61
-3356.16
-6255.56
-6743.8
-11573.9
-13835.2
-8466.36
-15130.1
-18720.4
-18784.1
-16466.1
-23016.7
-29314
-25985.7
-26456.1
-23204.5
-27758
-25801.8
-25729.4
-14876.9
-22884.1
-18776.8
-16558.6
3770.82
-469.883
-268.471
9763.8
18197
24201.9
41216.3
46811.9
37658.5
42992.8
62753.5
62230
55247.8
70933.2
248399
79996.1
54596.1
58061.7
48881.5
43467.3
23202.6
-10123.3
-37867.1
-83831.5
-125318
-55642.9
-54469.2
-32207.1
-26652.5
-28225.9
-20216.8
-17074.7
-15870.7
-14428.2
6056.82
4933.49
3548.74
5796.74
3986.07
4562.92
1025.46
1769.57
401.279
-2398.37
-1713.72
-2171.65
3033.17
-935.061
-4768.53
-4572.96
-2774.05
-7313.77
-9576.24
-14682.6
-13151.5
-12884.8
-18098.5
-12311.8
-23240.4
-29160.4
-24610.3
-24371.7
-29138.2
-30770.3
-32240.1
-29493.2
-30603.7
-39511
-34111.2
-29871.3
-10658.6
-13451.5
-15174.9
-4424.79
6765.1
3596.56
29440.1
52229.8
31323.9
57282.9
54420.5
68987.7
65121.5
74054.6
79996.1
294128
78986.8
76802.4
57273.2
62434.2
34899
-3053.41
-26278.8
-97488.1
-125935
-83478.4
-59266.4
-37631.4
-39816.7
-27233.2
-20754.9
-23374.2
-20753.7
-18940.1
5257.24
1403.85
2299.48
-1531.03
-107.134
3985.56
1375.01
1893.18
-437.891
-1798.7
1984.12
-7042.2
1232.76
-2711.77
-2457.81
-5198.91
-7930.44
-3758.49
-5477.78
-5635.63
-12381.2
-13844.8
-14780.6
-16503.4
-15395
-24914
-27157.6
-23246.9
-26133.6
-29863.4
-26488.3
-34120.5
-30140.5
-29171
-26587.1
-32269.3
-25457.8
-16218.3
-6635.56
-7903
-4059.82
6450.38
34738.4
33256.7
36785.3
50970.3
61801.5
57048.7
65585.5
57335.6
54596.1
78986.8
311643
64415.5
68892.3
36534.8
25695.8
26837.2
-26992.2
-66217.5
-96821.6
-67693.3
-57294.3
-43377.6
-35106.2
-22937.6
-21566.6
-16508.2
-16212.7
-18394.3
3895.75
4923.43
7715.73
4755.5
6515.27
8165.03
3190.03
6683.55
797.488
7.92975
2960.7
4752.73
2267.57
-229.958
-5322.02
-5473.29
1651.87
-1825.79
57.045
-11196.5
-11647.3
-9478.83
-19687.9
-19092.8
-16651
-19439.5
-25005.6
-14742.2
-30030.9
-31896
-20007.2
-32431.2
-33804.3
-40448.5
-22835.5
-29818.4
-27592.6
-32103
-24327.9
-15121.7
-11876.1
-4342.89
18164.5
26927.3
29151.8
46682.7
38831.4
47018.8
49476.7
57648
58061.7
76802.4
64415.5
272040
47772.5
49563.8
28172.4
28220.2
-20813
-32694.2
-68932.3
-61751.9
-49608.5
-31552.1
-28853.4
-25593.2
-22594.2
-17519
-18159.2
-15234.5
5248.16
4733.09
2095.9
4627.35
1282.44
3816.12
3454.63
627.71
-2631.59
-4989.49
1277.78
-3337.88
981.425
-2555.31
-1247.1
-4859.77
-3502.99
-2251.73
-7674.39
-20754.5
-9901.73
-13936.4
-19320.2
-10778
-12098.7
-29416.6
-16781.1
-14052.9
-18790.2
-21025.5
-18745.3
-19290.3
-32849.7
-28274.1
-26682.9
-28867.3
-25500.8
-26983.3
-14351
-1582.04
2908.56
3231.16
35215.5
5355.79
20109.7
29262.1
34083.8
42296.3
41354.8
67319.5
48881.5
57273.2
68892.3
47772.5
297065
51543
17930
-4371.1
13554.3
-37300.7
-65865.1
-44511.9
-41247
-21314.5
-29702.1
-19693.8
-15709.3
-16103.4
-19008.1
-15226.3
3988.41
3905.85
1786.14
4130.64
1698.04
2207.89
544.201
1513.46
-103.02
-1130.77
3375.51
5512.2
-1216.8
1035.67
-3035.08
2571.47
310.338
-6350.68
330.447
-3314.28
-7509.99
-5417.61
-6247.92
-5971.28
-9419.51
-16102.7
-17092.1
-15199.9
-18494.7
-24624.4
-30124.2
-25915.4
-31764
-35210.6
-28491.8
-33558.2
-22921.4
-26902.6
-27890.7
-18606.1
-22179.8
-13255.2
20137.7
963.084
18455.6
16825
30470.1
21649.8
34730.9
40329.1
43467.3
62434.2
36534.8
49563.8
51543
324336
21591.2
15343.7
34902.7
-10719.7
-72769.2
-34562.9
-45341.9
-22924.5
-26095
-20329.6
-12808
-12655.9
-12241.9
-16302.8
8955.25
5071.78
6779.5
5291.72
4992.95
8123.9
8022.41
5866.13
8972.22
3566.86
5756.17
4926.23
9039.96
8652.89
2033.67
6610.37
2258.33
2773.38
-5087.88
903.48
-8099.12
-5159.59
-10327.6
-1096.25
-7947.12
-6068
-16636.1
-16347.8
-12029.3
-15561.3
-21834.6
-26900.2
-25921.6
-33421.1
-33197.9
-29344.9
-35445.9
-25507.2
-36968.3
-23515.9
-27371.3
-27905.6
-11339.7
-5751.2
-8532.26
-5873.33
-4366.12
4705.94
6352.14
12823.6
23202.6
34899
25695.8
28172.4
17930
21591.2
311176
22136
28741.6
29884.7
3256.76
409.738
-11841.5
-8096.99
-6791.86
-4026.84
-7718.12
-7513.3
-6843.01
-466.915
8110.92
4804.14
9005.24
5484.6
5885.68
4957.39
7589.59
8123.02
6658.41
6330.99
8144.04
10524.3
9144.33
1793.44
567.639
10282.2
8183.14
5745.01
11158.7
11180.9
2807.01
4283.37
-3760.9
1353.21
-3997.18
1244.98
-3676.68
-310.522
-4312.97
-13517
-16049.6
-27185.8
-25274.3
-28763.9
-35722
-30110.6
-49119
-33912.3
-33201.5
-33449.3
-48988.6
-44690.7
-37115.8
-25054.2
-11230.4
-16763.5
-17142.2
-16346.5
-10671.5
-23170.9
-10123.3
-3053.41
26837.2
28220.2
-4371.1
15343.7
22136
364778
55610.6
45354.6
48094.2
21505.9
-856.672
5786.84
4416.58
-3529.72
-3699.16
-1749.07
2947.15
1189.88
10864.6
10331
9090.28
11232.1
10895
10032.2
11721.1
8146.37
7194.55
8524.98
13518.6
13348.3
8979.51
9289.77
8335.4
11261.7
7562.63
7581.69
8125.57
2664.17
3967.28
6301.7
594.363
8032.42
1704.64
-2085.5
4216.52
1885.58
6684.5
-10301.2
-20556.2
-18687.1
-42876.4
-20156.3
-36855.5
-50554.3
-45468.9
-51197.7
-53187.2
-46237.4
-59840.8
-52100.2
-39658.5
-57963.8
-36617.3
-51664.6
-49396.5
-52482.6
-34931.6
-38682.1
-37867.1
-26278.8
-26992.2
-20813
13554.3
34902.7
28741.6
55610.6
447974
99789.2
125439
53358.8
20575.9
22544.3
11689.4
6516.54
14319.7
-549.52
819.461
4303.23
11334
10717.8
10327.5
17893.7
15380.2
14032.2
17116.1
14599.8
8781.35
16467.5
21259.3
21883.3
15184
10185.3
15444.9
21036.3
12618.4
15692.2
22804.6
18653
19793.7
20769.9
19232.1
24679.7
22706.9
18473.7
11733.9
10515.9
16512.2
1417.07
219.119
-16334.4
-28306.1
-24982.1
-32774.8
-32201.4
-52465.4
-57913.1
-59278.1
-65616.3
-67765.3
-81655.1
-95945.6
-94988.6
-80143.7
-97875.4
-87703
-97294.8
-82983.9
-101311
-83831.5
-97488.1
-66217.5
-32694.2
-37300.7
-10719.7
29884.7
45354.6
99789.2
560698
159723
116191
67539.5
34088.2
34389.2
28253.4
18629.2
19122.2
20475.8
16413.2
9150.37
5203.25
9824.65
15382.2
13364
13141.4
12148.2
8585.56
14835.4
13467.6
11185
17530.2
13428.9
21060.1
14409
17468.1
16215.7
20472.2
22424.5
17615.4
17670.1
24720.9
25962.8
18797.2
21429.3
33294.6
21770.2
23874.5
31829.4
20481.3
12061
-4023.25
-1477.42
-4225.06
-27445.4
-33030.6
-35445.6
-27142.1
-49039.9
-52679.8
-81539.6
-81336.5
-80180.7
-100970
-98154.3
-113734
-134366
-123435
-119742
-130938
-125318
-125935
-96821.6
-68932.3
-65865.1
-72769.2
3256.76
48094.2
125439
159723
590164
134286
91179.5
69084.9
56224.3
43284.3
31060.9
25586.2
24868.2
21250.7
3189.44
4059.7
4873.08
2669.76
3429.49
3211.96
4788.01
8148.95
7278.75
10297.9
7707.53
7619.02
6359.74
7126.27
8152.21
9705.33
5756.89
11805.6
8321.9
13350.3
13047.7
10897.4
14267.8
14786.3
15838.2
22893.4
13557.2
10589.3
18924.4
16224.1
6177.48
8109.51
3683.66
10520.5
-5273.88
296.144
-17486
-14295.9
-24516.2
-23180.6
-32021.9
-43680.8
-62561.6
-52831.2
-53967.6
-63257.8
-70235.4
-75063.9
-68696
-89057.9
-55642.9
-83478.4
-67693.3
-61751.9
-44511.9
-34562.9
409.738
21505.9
53358.8
116191
134286
231373
53251.8
28677.9
31611.4
34233.8
16730.7
15923.7
19519.8
14311.6
-74.6238
-46.4169
-311.409
1241.23
3776.71
2575.48
1754.52
1256.95
3036.35
3513.05
121.111
4975.33
2422.42
2804.06
2764.88
5190.19
4492.17
4058.95
5707.17
3845.08
7944.8
9084.52
8396.48
11606.4
6206.13
16904.2
14030
11109.9
17274
16437.3
15910.9
11616.2
7569.51
13688.4
9075.64
10097.8
-3707.16
-1800.31
-3558.69
-6611.79
-8074.33
-16081
-35773.2
-34537.6
-43307.4
-38756
-45749.6
-50742.5
-53992
-56360
-54469.2
-59266.4
-57294.3
-49608.5
-41247
-45341.9
-11841.5
-856.672
20575.9
67539.5
91179.5
53251.8
122223
32572.1
27288.3
18435.2
16843.4
15681.5
16282
16487.8
505.484
-368.251
-236.998
2037.71
1184.26
-38.0606
778.681
123.744
988.961
1551.24
839.572
2124.1
2567.18
1791.62
557.499
2658.21
2603.98
2603.03
4540.11
2614.46
3262.39
6049.77
2198.05
6100.69
3702.61
10860.6
9046.94
5121.09
11305.3
7678.54
9205.94
6472.29
2750.29
4275.3
6392.94
455.264
2582.21
2878.1
312.539
-6124.32
-5999.61
-11295.9
-20693.4
-18609
-22972.1
-23333.4
-35681.5
-29932
-36633.4
-33270.7
-32207.1
-37631.4
-43377.6
-31552.1
-21314.5
-22924.5
-8096.99
5786.84
22544.3
34088.2
69084.9
28677.9
32572.1
67136.4
18354.6
13453.2
12558.4
9030.2
9169.99
9626.83
-1497.55
-1316.78
-475.211
-1159.21
-96.2767
-999.539
411.361
-385.845
921.58
1639.99
293.942
1991.3
1241.5
2265.06
1266.18
2222.14
1866.16
4697.23
4535.1
5966.62
5609.04
3989.49
6202.67
5855.17
8886.72
10819.1
5636.42
8925.16
11097.1
9411.95
9859.5
8499.45
7284.88
9056.85
6253.37
4627.41
-84.053
2898.35
-1564.51
-4471.95
-7627.27
-10100.5
-19107
-13983.8
-18504.3
-24464.6
-28334.2
-26027.1
-33976.6
-34790.2
-26652.5
-39816.7
-35106.2
-28853.4
-29702.1
-26095
-6791.86
4416.58
11689.4
34389.2
56224.3
31611.4
27288.3
18354.6
47761
10822.1
9810.27
9277.47
9753.74
9599.32
437.584
-160.95
95.8815
1230.97
1080.11
-20.2702
-883.771
-425.962
1341.2
1794.43
665.902
765.211
1885.91
2758.69
625.473
2218.49
1518.47
2684.97
1157.06
2290.8
4972.38
2762.5
3057.4
3823.32
4655.5
8620.32
7836.35
5983.45
8186.78
7148.79
4843.27
6857.96
7985.9
6733.74
2747.32
6041.75
2542.12
1520.94
-1002.39
-1899.07
-4468.67
-3134.76
-14701.1
-11947.5
-15924.7
-19421.4
-20701
-26602.4
-20615.6
-32177.3
-28225.9
-27233.2
-22937.6
-25593.2
-19693.8
-20329.6
-4026.84
-3529.72
6516.54
28253.4
43284.3
34233.8
18435.2
13453.2
10822.1
38728.6
8356.66
5980.21
6811.65
6254.59
-865.374
-104.293
112.572
190.581
648.548
-413.222
16.3199
700.7
686.328
809.016
783.343
1890.07
-6.02603
921.464
801.631
1529.29
948.519
846.179
1039.67
2321.13
3224.04
2367.37
3091.14
3499.99
3920.65
6129.75
5626.83
5389.99
5713.75
6259.81
5089.07
3900.75
3218.39
5591.58
1901.36
1715.11
3016.78
5106.66
-1641.51
-554.594
-345.237
-4479.35
-9075.68
-10584.6
-10108.2
-14946.4
-18210
-19166.1
-19706.8
-16813
-20216.8
-20754.9
-21566.6
-22594.2
-15709.3
-12808
-7718.12
-3699.16
14319.7
18629.2
31060.9
16730.7
16843.4
12558.4
9810.27
8356.66
24297.6
6209.97
5006.37
5780.34
50.4471
50.6506
-318.216
-236.445
218.706
471.757
88.6667
1338.74
88.7781
1046.11
241.423
1074.25
-1087.01
536.759
692.169
597.771
386.119
-104.83
1953.53
3331.12
2070.31
1233.92
2233.76
2452.75
5264.95
4120.62
4125.9
3837.02
3485.73
3379.87
4124.69
4007.44
4019.3
5042.95
5642.62
2088.93
3906.37
2432.18
-1849.23
-2807.31
-2154.4
-1549.29
-6288.71
-8515.64
-12986.1
-12186.3
-9098.57
-13372
-15802.4
-14505.7
-17074.7
-23374.2
-16508.2
-17519
-16103.4
-12655.9
-7513.3
-1749.07
-549.52
19122.2
25586.2
15923.7
15681.5
9030.2
9277.47
5980.21
6209.97
21110.5
5796.77
4403.73
-1034.08
-1102.44
-1141.84
-1547.86
-418.16
-547.017
-440.656
-368.571
-350.309
210.044
-16.0782
1000.88
-169.252
61.8405
-70.9044
1183.98
978.581
761.359
1194.93
2298.33
3072.64
1775.28
1967.66
3065.05
5075.46
5680.06
4181.3
3799.8
5201.68
7573.58
4833.1
5274.18
5919.77
7692.38
2822.15
2691.02
4928.36
4376.91
-376.014
588.164
-631.204
-4870.37
-10624
-6401.38
-12715.3
-12512.7
-13501.2
-14181.4
-15940.8
-21820.4
-15870.7
-20753.7
-16212.7
-18159.2
-19008.1
-12241.9
-6843.01
2947.15
819.461
20475.8
24868.2
19519.8
16282
9169.99
9753.74
6811.65
5006.37
5796.77
18152.4
5950.47
-486.98
-448.087
-118.033
-860.138
572.956
-178.961
148.348
249.602
-236.911
415.307
-618.904
130.244
125.388
889.076
148.628
1099.95
238.507
1356.87
142.088
893.375
2080.2
1465.04
536.115
2954.74
1612.69
4716.96
5978.29
3214.99
4599.95
6757.12
4840.49
4608.02
4384.87
4911.01
2775.81
4276.11
1976.74
2709.54
-218.77
1531.52
2212.09
-3204.11
-7179.09
-7801.45
-10701.5
-12354
-13216.4
-12490.5
-16308
-14487.1
-14428.2
-18940.1
-18394.3
-15234.5
-15226.3
-16302.8
-466.915
1189.88
4303.23
16413.2
21250.7
14311.6
16487.8
9626.83
9599.32
6254.59
5780.34
4403.73
5950.47
14955.8
16089.9
6570.53
6136.59
7040.12
6498.16
6340.45
5363.15
5878.75
5906.72
5009.18
4668.72
3393.38
4396.91
3322.2
3658.34
4532.29
2752.94
3373.45
1739.46
1429.08
1365.45
121.278
713.942
715.215
-1689.76
-3620.53
-536.08
-2110.49
-2339.76
-8717.53
-7718.56
-9198.73
-8966.38
-6839.81
-9009.51
-13097.1
-11606.7
-13734.2
-13124.8
-10461.7
-12051.9
-12916.7
-5321.08
-6155.15
-3643.99
-5261.93
-4106.81
1749.54
-1874.41
-1960.95
1747.9
6056.82
5257.24
3895.75
5248.16
3988.41
8955.25
8110.92
10864.6
11334
9150.37
3189.44
-74.6238
505.484
-1497.55
437.584
-865.374
50.4471
-1034.08
-486.98
6570.53
15948.2
4817.06
5883.4
6823.5
5702.97
3842.89
4176.29
5087.6
5075.69
2958.98
4534.27
2914.47
4250.09
2448.09
4254.6
3265.31
2640.97
1734.87
1199.36
2358.75
1207.93
-498.037
348.973
-1980.33
-2361.18
-2364.43
-1698.78
-3681.71
-9092.52
-6504.08
-5584.62
-10969.6
-5154.31
-8980.49
-13050.4
-8354.1
-9452.92
-11066.7
-9583.82
-8916.13
-9924.71
-8045.62
-9178.9
-2666.78
-4663.68
-4579.73
82.9458
-2027.36
-2527.68
1475.23
4933.49
1403.85
4923.43
4733.09
3905.85
5071.78
4804.14
10331
10717.8
5203.25
4059.7
-46.4169
-368.251
-1316.78
-160.95
-104.293
50.6506
-1102.44
-448.087
6136.59
4817.06
16644.5
5829.88
6046.85
6339.69
4532.96
6984.71
5065.35
5174.59
3826.97
3904.7
4241.77
4268.95
2711
4502.21
2775.2
3193.76
2166.72
1731.99
-128.953
-88.7496
-1063
-96.9599
715.518
-1429.55
1361.4
-876.097
-2746.04
-6073.71
-6004.86
-7493.69
-9177.19
-5870.39
-10448.8
-13407.2
-10706.4
-10457.9
-13569.3
-7339.49
-8353.15
-9436.35
-8596.09
-8466.74
-4699.91
-4097.36
-4997.81
-1945.5
-4090.99
-1618.73
-1481.62
3548.74
2299.48
7715.73
2095.9
1786.14
6779.5
9005.24
9090.28
10327.5
9824.65
4873.08
-311.409
-236.998
-475.211
95.8815
112.572
-318.216
-1141.84
-118.033
7040.12
5883.4
5829.88
18079.8
5813.43
6253.31
4890.9
3454.9
6111.43
3410.34
4864.54
3829.09
5564.03
4107.88
3051.65
4096.8
3793.01
2983.07
2473.44
1314.01
1759.28
1922.43
953.216
2831.31
-261.136
-880.097
-326.313
-1010.99
-671.99
-7714.36
-5555.1
-6481.28
-6728.5
-10650.9
-10883.2
-12431.7
-12083.5
-12602.7
-10046
-9739.57
-9115.82
-12735.5
-7962.34
-10464.9
-7618
-5072.1
-5509.86
-7717.81
-4662.03
-3957.29
271.891
5796.74
-1531.03
4755.5
4627.35
4130.64
5291.72
5484.6
11232.1
17893.7
15382.2
2669.76
1241.23
2037.71
-1159.21
1230.97
190.581
-236.445
-1547.86
-860.138
6498.16
6823.5
6046.85
5813.43
20735.9
5847.37
4935.81
5085.14
6016.97
3682.61
2981.19
5917.21
4023.86
4709.12
2137.22
5052.25
4276.1
5455.42
2435.74
1127.45
2944.4
2577.19
617.824
675.178
-1566.5
-1312.7
74.0512
3.06902
-2823.92
-5400.8
-7326.02
-5602.25
-8744.07
-5771.15
-10635.1
-10137.4
-13796
-11089
-12817.8
-7142.44
-8823.37
-8535.27
-10444
-8537.7
-6543.19
-7777.24
-7411.84
-4416.55
-4857.87
-5352.73
-2552.93
3986.07
-107.134
6515.27
1282.44
1698.04
4992.95
5885.68
10895
15380.2
13364
3429.49
3776.71
1184.26
-96.2767
1080.11
648.548
218.706
-418.16
572.956
6340.45
5702.97
6339.69
6253.31
5847.37
19254.5
3596.61
4054.65
5668.75
3786.51
3855.68
5731.2
5172.47
5032.21
2272.12
3853.44
3203.18
3061.39
2113.99
874.69
397.072
664.673
964.616
1566.97
1702.2
-3143.03
-1237.56
-840.678
-826.004
-4788.27
-3717.88
-8530.4
-8849.97
-6515.93
-9611.65
-13310.4
-7694.27
-12259.7
-14923.2
-8734.08
-12104.3
-14241.5
-10799.8
-9340.58
-4189.04
-8998.96
-7108.39
-973.351
-4428.53
-5866.12
-1470.52
4562.92
3985.56
8165.03
3816.12
2207.89
8123.9
4957.39
10032.2
14032.2
13141.4
3211.96
2575.48
-38.0606
-999.539
-20.2702
-413.222
471.757
-547.017
-178.961
5363.15
3842.89
4532.96
4890.9
4935.81
3596.61
16610.5
6212.04
4184.94
4307.42
4181.35
5435.1
4280.98
2597.66
3947.52
4498.89
3450.85
3797.38
2717.67
2088.97
-960.585
1156.4
1578.92
138.223
149.618
-1967.41
-375.052
-2732.48
-816.139
-4154.26
-5583.93
-7738.59
-7902.79
-7857.23
-9163.38
-11797.6
-9635.13
-11000.8
-11799.9
-9376.77
-9350.66
-7734.99
-5081.59
-8600.69
-5450.98
-3987.16
-8140.87
-2139.53
-5759.24
-1882.21
-1011.53
1025.46
1375.01
3190.03
3454.63
544.201
8022.41
7589.59
11721.1
17116.1
12148.2
4788.01
1754.52
778.681
411.361
-883.771
16.3199
88.6667
-440.656
148.348
5878.75
4176.29
6984.71
3454.9
5085.14
4054.65
6212.04
22863.6
3956.32
6662.12
6770.45
2643.37
2145.07
1877.72
3865.84
3949.23
3414.53
6004.75
1199.81
3226.1
2715.95
1987.83
346.254
403.5
-1682.16
107.122
-866.229
691.218
-2978.52
-954.668
-4398.54
-10622
-9097.78
-5106.28
-9602.24
-9345
-11385
-10474.1
-14235.3
-10901.9
-10969.8
-10269
-9656.96
-8757.82
-11253
-7101.17
-8834.36
-4361.31
-5725.15
723.209
709.576
1769.57
1893.18
6683.55
627.71
1513.46
5866.13
8123.02
8146.37
14599.8
8585.56
8148.95
1256.95
123.744
-385.845
-425.962
700.7
1338.74
-368.571
249.602
5906.72
5087.6
5065.35
6111.43
6016.97
5668.75
4184.94
3956.32
23342.5
4000.03
2663.68
5356.48
5053.32
5968.55
3435.65
5595.29
3411.63
6075.56
3005.41
3403.39
691.378
3175.36
1466.11
648.286
-1106.25
-1941.19
-2594.57
-449.572
-3371.07
-5032.78
-3779.41
-5047.94
-6892.05
-5254.92
-9788.75
-7872.34
-8182.58
-10158.5
-9285.59
-10450.4
-7572.08
-13919.2
-7871.23
-9409.07
-8206.42
-5566.28
-6503.14
-8092.86
-1031.11
-8619.84
327.463
401.279
-437.891
797.488
-2631.59
-103.02
8972.22
6658.41
7194.55
8781.35
14835.4
7278.75
3036.35
988.961
921.58
1341.2
686.328
88.7781
-350.309
-236.911
5009.18
5075.69
5174.59
3410.34
3682.61
3786.51
4307.42
6662.12
4000.03
18702.6
4970.52
3823.4
2474.36
3981.91
3432.06
4149.01
4066.96
4351.02
3493.76
3347.14
2354.28
2987.82
634.478
2849.65
1389.83
2039.58
838.389
1083.53
-853.815
-2404.48
-3954.72
-6412.1
-8554.61
-4225.83
-6812.84
-8938.17
-5432.49
-9398.09
-11207.2
-11251
-10533.3
-11205.8
-11723.1
-10689.6
-7973.18
-7638.16
-8058.18
-2983.61
-6250.09
-5199.23
-4207.1
-2398.37
-1798.7
7.92975
-4989.49
-1130.77
3566.86
6330.99
8524.98
16467.5
13467.6
10297.9
3513.05
1551.24
1639.99
1794.43
809.016
1046.11
210.044
415.307
4668.72
2958.98
3826.97
4864.54
2981.19
3855.68
4181.35
6770.45
2663.68
4970.52
18339.5
2516.03
1869.31
1561.83
2922.1
2852.3
2680.36
3577.6
2022.18
4244.85
4479.88
3832.55
2781.77
1968.14
644.804
2820.59
-1889.92
2802.83
266.466
-445.992
-3695.56
-7802.99
-8912.47
-8421.03
-8134.92
-9789.26
-8456.86
-10862.5
-9773.46
-9920.59
-12015.5
-8537.45
-10800.1
-10556.1
-6570.56
-8255.52
-6997.13
-7221.77
-5805.1
-5121.03
-4970.39
-1713.72
1984.12
2960.7
1277.78
3375.51
5756.17
8144.04
13518.6
21259.3
11185
7707.53
121.111
839.572
293.942
665.902
783.343
241.423
-16.0782
-618.904
3393.38
4534.27
3904.7
3829.09
5917.21
5731.2
5435.1
2643.37
5356.48
3823.4
2516.03
24441.1
5196.42
4799.93
1680.96
6214.31
5215.19
3159.62
6578.94
2784.08
1590.89
3988.42
2623.29
1097.01
5144.5
-1488.89
-738.908
1343.82
1483.24
-3663.04
-1675.84
-3101.81
-10379.8
-7513.82
-10047.8
-8783.34
-8451.74
-10005.1
-11290.4
-7664.89
-9220.44
-12654.9
-11556.6
-14009.6
-6372.04
-8890.78
-13132.8
-10535.8
-11996.7
-10800
-5019.03
-2171.65
-7042.2
4752.73
-3337.88
5512.2
4926.23
10524.3
13348.3
21883.3
17530.2
7619.02
4975.33
2124.1
1991.3
765.211
1890.07
1074.25
1000.88
130.244
4396.91
2914.47
4241.77
5564.03
4023.86
5172.47
4280.98
2145.07
5053.32
2474.36
1869.31
5196.42
20714.3
3069.06
2713.48
4831.78
1902.94
3161.57
4734.38
1493.9
36.5066
1871
3022.49
2579.32
2087.03
-417.899
396.094
-619.491
2084
-3875.51
-4150.03
-5465.99
-4708.35
-4576.69
-9245.07
-8603.07
-10600.8
-10617.7
-8583.59
-8763.8
-6508.28
-10948.6
-12493.9
-10823.3
-1649.41
-4718.36
-8816.29
-4457.03
-6783.03
-9711.15
-5114.5
3033.17
1232.76
2267.57
981.425
-1216.8
9039.96
9144.33
8979.51
15184
13428.9
6359.74
2422.42
2567.18
1241.5
1885.91
-6.02603
-1087.01
-169.252
125.388
3322.2
4250.09
4268.95
4107.88
4709.12
5032.21
2597.66
1877.72
5968.55
3981.91
1561.83
4799.93
3069.06
22748.1
1988.38
6295.47
3096.8
4419.22
3662.82
3567.13
3603.73
1884.91
2896.75
1805.54
5650.44
2217.08
-1958.82
3521.62
-742.237
-2981.35
-1480.48
-3022.72
-9509.27
-3498.1
-6636.54
-9157.41
-6172.18
-8085.97
-11247
-5681.51
-12527.8
-10662.5
-9198.72
-10657.9
-10095.9
-9353.66
-9015.05
-8912.04
-8272.3
-10998.7
-3274.61
-935.061
-2711.77
-229.958
-2555.31
1035.67
8652.89
1793.44
9289.77
10185.3
21060.1
7126.27
2804.06
1791.62
2265.06
2758.69
921.464
536.759
61.8405
889.076
3658.34
2448.09
2711
3051.65
2137.22
2272.12
3947.52
3865.84
3435.65
3432.06
2922.1
1680.96
2713.48
1988.38
19690.3
6152.83
2765.39
3011.54
1379.49
2507.63
1116.07
2652.68
5053.22
3525.5
3007.05
2372.53
331.101
-1192.41
-287.753
745.532
-2669.03
-3889.08
-3329.45
937.064
-4717.95
-3422.69
-6688.15
-8060.79
-6172.3
-5045.28
-6449.48
-12607.6
-6310.43
-10981.7
-5766.08
-8617.09
-7420.83
-6403.22
-3569.2
-6621.5
-3356.16
-4768.53
-2457.81
-5322.02
-1247.1
-3035.08
2033.67
567.639
8335.4
15444.9
14409
8152.21
2764.88
557.499
1266.18
625.473
801.631
692.169
-70.9044
148.628
4532.29
4254.6
4502.21
4096.8
5052.25
3853.44
4498.89
3949.23
5595.29
4149.01
2852.3
6214.31
4831.78
6295.47
6152.83
27546.3
5705.97
3666.78
5117.77
4611.53
3096.96
3360.54
4350.01
3796.41
3351.15
2337.34
875.573
-1411.27
1046.82
917.705
-2314.27
-2313.35
-10491.9
-966.573
-8543.9
-9064.17
-14171.4
-7954.9
-10593.2
-9502.12
-10984.8
-10555.3
-14591.8
-14088
-12639.7
-15238.2
-12508.1
-8723.23
-9325.79
-11097.7
-6255.56
-4572.96
-5198.91
-5473.29
-4859.77
2571.47
6610.37
10282.2
11261.7
21036.3
17468.1
9705.33
5190.19
2658.21
2222.14
2218.49
1529.29
597.771
1183.98
1099.95
2752.94
3265.31
2775.2
3793.01
4276.1
3203.18
3450.85
3414.53
3411.63
4066.96
2680.36
5215.19
1902.94
3096.8
2765.39
5705.97
22745.4
2635.28
4333.26
3732.44
3603.69
4362.62
4458.19
1445.87
2440.15
3092.22
1380.44
1130.52
1695.28
1236.89
-2906.31
-2321.45
-4975.86
-3807.55
-5746.76
-7040.06
-4424.2
-6568.97
-8851.42
-9140.84
-8451.86
-8151.15
-9384.93
-10055.7
-11198.6
-8924.43
-11885.8
-6940.31
-8111.63
-8322.87
-6743.8
-2774.05
-7930.44
1651.87
-3502.99
310.338
2258.33
8183.14
7562.63
12618.4
16215.7
5756.89
4492.17
2603.98
1866.16
1518.47
948.519
386.119
978.581
238.507
3373.45
2640.97
3193.76
2983.07
5455.42
3061.39
3797.38
6004.75
6075.56
4351.02
3577.6
3159.62
3161.57
4419.22
3011.54
3666.78
2635.28
29431.7
5169.7
574.978
4418.8
3564.24
5106.33
3783.41
3694.12
6360.4
1789.62
3955.37
2000.22
1692.09
642.8
-6461.76
-4222.57
-2036.51
-4066.83
-3745.16
-10651
-9270.55
-12159.6
-7314.02
-9678.07
-15000.9
-14798.8
-9865.97
-9147.69
-8573.91
-13542.6
-9344.59
-9613.05
-12308.8
-11573.9
-7313.77
-3758.49
-1825.79
-2251.73
-6350.68
2773.38
5745.01
7581.69
15692.2
20472.2
11805.6
4058.95
2603.03
4697.23
2684.97
846.179
-104.83
761.359
1356.87
1739.46
1734.87
2166.72
2473.44
2435.74
2113.99
2717.67
1199.81
3005.41
3493.76
2022.18
6578.94
4734.38
3662.82
1379.49
5117.77
4333.26
5169.7
32484.8
4299.84
4763.45
7460.71
4181.6
1186.41
6482.56
3162.65
3427.03
4392.71
4333.93
-2154.49
1834.87
1573.07
-2966.83
-3762.79
-4050.08
-3559.69
-9527.23
-7999.04
-7821.79
-15715.3
-10056.1
-14184.8
-14337.2
-10714.2
-9887.25
-11499.4
-12111.7
-11799.3
-16107.7
-15501.9
-13835.2
-9576.24
-5477.78
57.045
-7674.39
330.447
-5087.88
11158.7
8125.57
22804.6
22424.5
8321.9
5707.17
4540.11
4535.1
1157.06
1039.67
1953.53
1194.93
142.088
1429.08
1199.36
1731.99
1314.01
1127.45
874.69
2088.97
3226.1
3403.39
3347.14
4244.85
2784.08
1493.9
3567.13
2507.63
4611.53
3732.44
574.978
4299.84
38168.1
6685.56
8770.31
11633
3789.02
2614.66
8095.93
46.0613
6031.71
1255.12
1824.57
155.821
4407.61
-827.069
-933.736
3671.13
-2625.84
-150.077
-1031.25
-3817.92
-7940.81
-13931.1
-11175.5
-10561.1
-11560.8
-15786.6
-16789.7
-14905
-14262.2
-14063
-20912.3
-8466.36
-14682.6
-5635.63
-11196.5
-20754.5
-3314.28
903.48
11180.9
2664.17
18653
17615.4
13350.3
3845.08
2614.46
5966.62
2290.8
2321.13
3331.12
2298.33
893.375
1365.45
2358.75
-128.953
1759.28
2944.4
397.072
-960.585
2715.95
691.378
2354.28
4479.88
1590.89
36.5066
3603.73
1116.07
3096.96
3603.69
4418.8
4763.45
6685.56
38784.7
5943.94
7426.07
5355.29
6615.04
10321.6
2397.47
9952.29
5855.99
6542.55
5275.84
4820.24
3510.62
2624.9
124
5433.81
-5821.91
-5808.93
194.537
-4664.01
-9941.94
-10667.4
-12968.6
-13954.9
-24083.5
-18987.7
-16378.3
-17724.8
-18106.4
-16067.8
-15130.1
-13151.5
-12381.2
-11647.3
-9901.73
-7509.99
-8099.12
2807.01
3967.28
19793.7
17670.1
13047.7
7944.8
3262.39
5609.04
4972.38
3224.04
2070.31
3072.64
2080.2
121.278
1207.93
-88.7496
1922.43
2577.19
664.673
1156.4
1987.83
3175.36
2987.82
3832.55
3988.42
1871
1884.91
2652.68
3360.54
4362.62
3564.24
7460.71
8770.31
5943.94
36607.1
8788.34
3154.89
4733.27
8994.21
1239.72
7498.07
4580.83
8106.87
2508.19
3941.23
-454.026
3087.05
2774.93
1967.85
-3240.02
-2989.31
-6797.03
-8999.52
-9617
-9671.29
-16571.2
-11825.8
-13769.2
-16052.8
-18583.4
-15009.1
-13299.4
-19628.4
-18720.4
-12884.8
-13844.8
-9478.83
-13936.4
-5417.61
-5159.59
4283.37
6301.7
20769.9
24720.9
10897.4
9084.52
6049.77
3989.49
2762.5
2367.37
1233.92
1775.28
1465.04
713.942
-498.037
-1063
953.216
617.824
964.616
1578.92
346.254
1466.11
634.478
2781.77
2623.29
3022.49
2896.75
5053.22
4350.01
4458.19
5106.33
4181.6
11633
7426.07
8788.34
51637.8
6538.87
7100.64
6787.56
6067.11
6776.54
3676.32
8590.64
4347.34
4515.36
3935.35
5738.91
-1070.58
3475.64
74.5343
-3876.83
-2507.8
-684.076
-12035.7
-7203.04
-8071.92
-12187.3
-12568.8
-14835.4
-21851.3
-18688
-16430.7
-27107.8
-18784.1
-18098.5
-14780.6
-19687.9
-19320.2
-6247.92
-10327.6
-3760.9
594.363
19232.1
25962.8
14267.8
8396.48
2198.05
6202.67
3057.4
3091.14
2233.76
1967.66
536.115
715.215
348.973
-96.9599
2831.31
675.178
1566.97
138.223
403.5
648.286
2849.65
1968.14
1097.01
2579.32
1805.54
3525.5
3796.41
1445.87
3783.41
1186.41
3789.02
5355.29
3154.89
6538.87
36861.7
7711.02
8087.08
4793.98
6277.9
5325.14
8207.52
2821.48
-1186.89
7858.71
2288.37
3405.28
4249.72
-8052.2
-5152.13
-3835.07
-4326.46
-4760.87
-11296.8
-14957.8
-11733.6
-14439.6
-8904.2
-14148.8
-20070.7
-15805.9
-18330.9
-16466.1
-12311.8
-16503.4
-19092.8
-10778
-5971.28
-1096.25
1353.21
8032.42
24679.7
18797.2
14786.3
11606.4
6100.69
5855.17
3823.32
3499.99
2452.75
3065.05
2954.74
-1689.76
-1980.33
715.518
-261.136
-1566.5
1702.2
149.618
-1682.16
-1106.25
1389.83
644.804
5144.5
2087.03
5650.44
3007.05
3351.15
2440.15
3694.12
6482.56
2614.66
6615.04
4733.27
7100.64
7711.02
54952.5
9378.87
3353.23
9507.31
7404.6
8196.01
9310.47
3918.07
10183.7
4986.76
8508.09
3223.88
5911.2
-7422.32
-1979.45
-178.9
-8921.41
-9362.64
-14479.8
-12442.2
-11055.6
-17433
-16564.2
-16661.6
-17266.8
-26090.7
-23016.7
-23240.4
-15395
-16651
-12098.7
-9419.51
-7947.12
-3997.18
1704.64
22706.9
21429.3
15838.2
6206.13
3702.61
8886.72
4655.5
3920.65
5264.95
5075.46
1612.69
-3620.53
-2361.18
-1429.55
-880.097
-1312.7
-3143.03
-1967.41
107.122
-1941.19
2039.58
2820.59
-1488.89
-417.899
2217.08
2372.53
2337.34
3092.22
6360.4
3162.65
8095.93
10321.6
8994.21
6787.56
8087.08
9378.87
61906.6
3445.69
11626.1
8959.02
17671.3
8747.75
10029.9
10727.1
6308.14
11275.4
14256
5698.05
2883.38
-3471.59
-498.458
-11219.7
-12025.1
-24978.1
-10240.4
-21752.7
-18032.8
-26799
-26787.3
-22583.3
-26112.1
-29314
-29160.4
-24914
-19439.5
-29416.6
-16102.7
-6068
1244.98
-2085.5
18473.7
33294.6
22893.4
16904.2
10860.6
10819.1
8620.32
6129.75
4120.62
5680.06
4716.96
-536.08
-2364.43
1361.4
-326.313
74.0512
-1237.56
-375.052
-866.229
-2594.57
838.389
-1889.92
-738.908
396.094
-1958.82
331.101
875.573
1380.44
1789.62
3427.03
46.0613
2397.47
1239.72
6067.11
4793.98
3353.23
3445.69
59897.7
6267.38
12848.3
13938.7
9612.82
10031.1
12400.5
11054.3
5778.47
10762.6
83.6754
-2607.85
5819.56
4441.42
5248.12
-151.739
-7118.72
-11925
-16169.4
-11045.9
-14189.8
-16491
-20408.2
-20391.8
-25985.7
-24610.3
-27157.6
-25005.6
-16781.1
-17092.1
-16636.1
-3676.68
4216.52
11733.9
21770.2
13557.2
14030
9046.94
5636.42
7836.35
5626.83
4125.9
4181.3
5978.29
-2110.49
-1698.78
-876.097
-1010.99
3.06902
-840.678
-2732.48
691.218
-449.572
1083.53
2802.83
1343.82
-619.491
3521.62
-1192.41
-1411.27
1130.52
3955.37
4392.71
6031.71
9952.29
7498.07
6776.54
6277.9
9507.31
11626.1
6267.38
58206
9083.49
7945.36
7120.46
5983.62
11569
8280.01
2991.22
10983.7
4609.25
-2924.44
-666.934
-411.103
-3771.98
-1979.27
-8714.64
-11807
-16975.8
-14575
-14889.6
-19801.6
-18857.5
-24517.2
-26456.1
-24371.7
-23246.9
-14742.2
-14052.9
-15199.9
-16347.8
-310.522
1885.58
10515.9
23874.5
10589.3
11109.9
5121.09
8925.16
5983.45
5389.99
3837.02
3799.8
3214.99
-2339.76
-3681.71
-2746.04
-671.99
-2823.92
-826.004
-816.139
-2978.52
-3371.07
-853.815
266.466
1483.24
2084
-742.237
-287.753
1046.82
1695.28
2000.22
4333.93
1255.12
5855.99
4580.83
3676.32
5325.14
7404.6
8959.02
12848.3
9083.49
65467.1
15999.7
12675.9
12153.7
15733.2
8277.36
2580.27
14952.4
5215.83
1681.98
4323.1
3009.12
5711.21
-3373.24
-11807
-14527.2
-19520.3
-18751.9
-16078.3
-24648.4
-27610.8
-24146
-23204.5
-29138.2
-26133.6
-30030.9
-18790.2
-18494.7
-12029.3
-4312.97
6684.5
16512.2
31829.4
18924.4
17274
11305.3
11097.1
8186.78
5713.75
3485.73
5201.68
4599.95
-8717.53
-9092.52
-6073.71
-7714.36
-5400.8
-4788.27
-4154.26
-954.668
-5032.78
-2404.48
-445.992
-3663.04
-3875.51
-2981.35
745.532
917.705
1236.89
1692.09
-2154.49
1824.57
6542.55
8106.87
8590.64
8207.52
8196.01
17671.3
13938.7
7945.36
15999.7
92309.1
19466.8
17616.6
21827.6
16157.9
17977.9
20188.4
15100
8924.21
10145.6
14575.7
8191.96
-282.97
-7295.5
-11478.6
-23991.3
-15572.7
-24044
-25548.3
-21901.9
-28523.2
-27758
-30770.3
-29863.4
-31896
-21025.5
-24624.4
-15561.3
-13517
-10301.2
1417.07
20481.3
16224.1
16437.3
7678.54
9411.95
7148.79
6259.81
3379.87
7573.58
6757.12
-7718.56
-6504.08
-6004.86
-5555.1
-7326.02
-3717.88
-5583.93
-4398.54
-3779.41
-3954.72
-3695.56
-1675.84
-4150.03
-1480.48
-2669.03
-2314.27
-2906.31
642.8
1834.87
155.821
5275.84
2508.19
4347.34
2821.48
9310.47
8747.75
9612.82
7120.46
12675.9
19466.8
84275.6
18641.3
19880.8
13738.2
20351.3
19408.2
13018.3
9693.63
18146.5
6978.73
8412.33
6581.75
-7874.32
-6139.66
-11649.5
-14063.2
-11929
-15348.1
-19244.8
-23185.8
-25801.8
-32240.1
-26488.3
-20007.2
-18745.3
-30124.2
-21834.6
-16049.6
-20556.2
219.119
12061
6177.48
15910.9
9205.94
9859.5
4843.27
5089.07
4124.69
4833.1
4840.49
-9198.73
-5584.62
-7493.69
-6481.28
-5602.25
-8530.4
-7738.59
-10622
-5047.94
-6412.1
-7802.99
-3101.81
-5465.99
-3022.72
-3889.08
-2313.35
-2321.45
-6461.76
1573.07
4407.61
4820.24
3941.23
4515.36
-1186.89
3918.07
10029.9
10031.1
5983.62
12153.7
17616.6
18641.3
96922.3
23348.2
17909.3
20273
31434.1
18066.2
24857.4
20451.6
12544
21838.3
18178.5
-1320.46
2554.92
-10216
-11776.2
-9909.36
-19944.8
-13016
-19708.9
-25729.4
-29493.2
-34120.5
-32431.2
-19290.3
-25915.4
-26900.2
-27185.8
-18687.1
-16334.4
-4023.25
8109.51
11616.2
6472.29
8499.45
6857.96
3900.75
4007.44
5274.18
4608.02
-8966.38
-10969.6
-9177.19
-6728.5
-8744.07
-8849.97
-7902.79
-9097.78
-6892.05
-8554.61
-8912.47
-10379.8
-4708.35
-9509.27
-3329.45
-10491.9
-4975.86
-4222.57
-2966.83
-827.069
3510.62
-454.026
3935.35
7858.71
10183.7
10727.1
12400.5
11569
15733.2
21827.6
19880.8
23348.2
121892
20568.1
27352.5
33377.5
21651.4
19024.8
28234.5
19754.7
27655.1
17167.3
5710.65
14553.4
-4696.08
-3256.16
-3374.91
-18509.6
-11611.7
-22840.1
-14876.9
-30603.7
-30140.5
-33804.3
-32849.7
-31764
-25921.6
-25274.3
-42876.4
-28306.1
-1477.42
3683.66
7569.51
2750.29
7284.88
7985.9
3218.39
4019.3
5919.77
4384.87
-6839.81
-5154.31
-5870.39
-10650.9
-5771.15
-6515.93
-7857.23
-5106.28
-5254.92
-4225.83
-8421.03
-7513.82
-4576.69
-3498.1
937.064
-966.573
-3807.55
-2036.51
-3762.79
-933.736
2624.9
3087.05
5738.91
2288.37
4986.76
6308.14
11054.3
8280.01
8277.36
16157.9
13738.2
17909.3
20568.1
127872
17271.7
29799.4
18445.1
20774
18885.4
22546.5
14045.2
16559.5
-2538.41
2261.87
4915.21
-5799.25
-6615.73
-7643.97
-12885.9
-17866.5
-22884.1
-39511
-29171
-40448.5
-28274.1
-35210.6
-33421.1
-28763.9
-20156.3
-24982.1
-4225.06
10520.5
13688.4
4275.3
9056.85
6733.74
5591.58
5042.95
7692.38
4911.01
-9009.51
-8980.49
-10448.8
-10883.2
-10635.1
-9611.65
-9163.38
-9602.24
-9788.75
-6812.84
-8134.92
-10047.8
-9245.07
-6636.54
-4717.95
-8543.9
-5746.76
-4066.83
-4050.08
3671.13
124
2774.93
-1070.58
3405.28
8508.09
11275.4
5778.47
2991.22
2580.27
17977.9
20351.3
20273
27352.5
17271.7
134636
24531.2
27519.7
31561.6
34421.1
19028.5
17051.4
19123.8
11261.2
16683.6
4816.37
7219.05
-2840.17
-4493.97
-5179.95
-5721.98
-18776.8
-34111.2
-26587.1
-22835.5
-26682.9
-28491.8
-33197.9
-35722
-36855.5
-32774.8
-27445.4
-5273.88
9075.64
6392.94
6253.37
2747.32
1901.36
5642.62
2822.15
2775.81
-13097.1
-13050.4
-13407.2
-12431.7
-10137.4
-13310.4
-11797.6
-9345
-7872.34
-8938.17
-9789.26
-8783.34
-8603.07
-9157.41
-3422.69
-9064.17
-7040.06
-3745.16
-3559.69
-2625.84
5433.81
1967.85
3475.64
4249.72
3223.88
14256
10762.6
10983.7
14952.4
20188.4
19408.2
31434.1
33377.5
29799.4
24531.2
143484
27829.9
31619.8
30051.4
22898
27057.7
18269.6
12582.1
13315.1
-1454
6917.75
9610.16
-13537.5
-2905.45
-7812.22
-16558.6
-29871.3
-32269.3
-29818.4
-28867.3
-33558.2
-29344.9
-30110.6
-50554.3
-32201.4
-33030.6
296.144
10097.8
455.264
4627.41
6041.75
1715.11
2088.93
2691.02
4276.11
-11606.7
-8354.1
-10706.4
-12083.5
-13796
-7694.27
-9635.13
-11385
-8182.58
-5432.49
-8456.86
-8451.74
-10600.8
-6172.18
-6688.15
-14171.4
-4424.2
-10651
-9527.23
-150.077
-5821.91
-3240.02
74.5343
-8052.2
5911.2
5698.05
83.6754
4609.25
5215.83
15100
13018.3
18066.2
21651.4
18445.1
27519.7
27829.9
157623
34934.6
20785.2
28358.7
29304.2
28490.5
23197.5
22556.5
16836.7
18127.2
12655.6
17291.8
4955.83
-3330.77
3770.82
-10658.6
-25457.8
-27592.6
-25500.8
-22921.4
-35445.9
-49119
-45468.9
-52465.4
-35445.6
-17486
-3707.16
2582.21
-84.053
2542.12
3016.78
3906.37
4928.36
1976.74
-13734.2
-9452.92
-10457.9
-12602.7
-11089
-12259.7
-11000.8
-10474.1
-10158.5
-9398.09
-10862.5
-10005.1
-10617.7
-8085.97
-8060.79
-7954.9
-6568.97
-9270.55
-7999.04
-1031.25
-5808.93
-2989.31
-3876.83
-5152.13
-7422.32
2883.38
-2607.85
-2924.44
1681.98
8924.21
9693.63
24857.4
19024.8
20774
31561.6
31619.8
34934.6
145680
36182.5
34274.7
32229.5
34595.6
17498.1
21820.9
20005.6
4759.4
11004.4
9563.17
5508.34
11667.3
-469.883
-13451.5
-16218.3
-32103
-26983.3
-26902.6
-25507.2
-33912.3
-51197.7
-57913.1
-27142.1
-14295.9
-1800.31
2878.1
2898.35
1520.94
5106.66
2432.18
4376.91
2709.54
-13124.8
-11066.7
-13569.3
-10046
-12817.8
-14923.2
-11799.9
-14235.3
-9285.59
-11207.2
-9773.46
-11290.4
-8583.59
-11247
-6172.3
-10593.2
-8851.42
-12159.6
-7821.79
-3817.92
194.537
-6797.03
-2507.8
-3835.07
-1979.45
-3471.59
5819.56
-666.934
4323.1
10145.6
18146.5
20451.6
28234.5
18885.4
34421.1
30051.4
20785.2
36182.5
154338
25736.8
32102.1
34082.8
28162.6
23251.6
21171.7
15908.2
21315.2
9919.27
18344.6
7077.22
-268.471
-15174.9
-6635.56
-24327.9
-14351
-27890.7
-36968.3
-33201.5
-53187.2
-59278.1
-49039.9
-24516.2
-3558.69
312.539
-1564.51
-1002.39
-1641.51
-1849.23
-376.014
-218.77
-10461.7
-9583.82
-7339.49
-9739.57
-7142.44
-8734.08
-9376.77
-10901.9
-10450.4
-11251
-9920.59
-7664.89
-8763.8
-5681.51
-5045.28
-9502.12
-9140.84
-7314.02
-15715.3
-7940.81
-4664.01
-8999.52
-684.076
-4326.46
-178.9
-498.458
4441.42
-411.103
3009.12
14575.7
6978.73
12544
19754.7
22546.5
19028.5
22898
28358.7
34274.7
25736.8
149578
30381.7
34032.5
22747.1
20167.1
25354.6
15684.9
21630.8
11255.5
6409.51
10353.6
9763.8
-4424.79
-7903
-15121.7
-1582.04
-18606.1
-23515.9
-33449.3
-46237.4
-65616.3
-52679.8
-23180.6
-6611.79
-6124.32
-4471.95
-1899.07
-554.594
-2807.31
588.164
1531.52
-12051.9
-8916.13
-8353.15
-9115.82
-8823.37
-12104.3
-9350.66
-10969.8
-7572.08
-10533.3
-12015.5
-9220.44
-6508.28
-12527.8
-6449.48
-10984.8
-8451.86
-9678.07
-10056.1
-13931.1
-9941.94
-9617
-12035.7
-4760.87
-8921.41
-11219.7
5248.12
-3771.98
5711.21
8191.96
8412.33
21838.3
27655.1
14045.2
17051.4
27057.7
29304.2
32229.5
32102.1
30381.7
166177
39722.1
28553.3
30725.7
23993.6
29993.7
27216.2
21832.8
16636.9
23168.5
18197
6765.1
-4059.82
-11876.1
2908.56
-22179.8
-27371.3
-48988.6
-59840.8
-67765.3
-81539.6
-32021.9
-8074.33
-5999.61
-7627.27
-4468.67
-345.237
-2154.4
-631.204
2212.09
-12916.7
-9924.71
-9436.35
-12735.5
-8535.27
-14241.5
-7734.99
-10269
-13919.2
-11205.8
-8537.45
-12654.9
-10948.6
-10662.5
-12607.6
-10555.3
-8151.15
-15000.9
-14184.8
-11175.5
-10667.4
-9671.29
-7203.04
-11296.8
-9362.64
-12025.1
-151.739
-1979.27
-3373.24
-282.97
6581.75
18178.5
17167.3
16559.5
19123.8
18269.6
28490.5
34595.6
34082.8
34032.5
39722.1
173173
44217.1
37141.2
33117.3
28284.3
31821.1
32390.2
25189.1
42049
24201.9
3596.56
6450.38
-4342.89
3231.16
-13255.2
-27905.6
-44690.7
-52100.2
-81655.1
-81336.5
-43680.8
-16081
-11295.9
-10100.5
-3134.76
-4479.35
-1549.29
-4870.37
-3204.11
-5321.08
-8045.62
-8596.09
-7962.34
-10444
-10799.8
-5081.59
-9656.96
-7871.23
-11723.1
-10800.1
-11556.6
-12493.9
-9198.72
-6310.43
-14591.8
-9384.93
-14798.8
-14337.2
-10561.1
-12968.6
-16571.2
-8071.92
-14957.8
-14479.8
-24978.1
-7118.72
-8714.64
-11807
-7295.5
-7874.32
-1320.46
5710.65
-2538.41
11261.2
12582.1
23197.5
17498.1
28162.6
22747.1
28553.3
44217.1
193188
32734.7
27663.6
45473.8
49842.3
40760.5
44009.6
48853
41216.3
29440.1
34738.4
18164.5
35215.5
20137.7
-11339.7
-37115.8
-39658.5
-95945.6
-80180.7
-62561.6
-35773.2
-20693.4
-19107
-14701.1
-9075.68
-6288.71
-10624
-7179.09
-6155.15
-9178.9
-8466.74
-10464.9
-8537.7
-9340.58
-8600.69
-8757.82
-9409.07
-10689.6
-10556.1
-14009.6
-10823.3
-10657.9
-10981.7
-14088
-10055.7
-9865.97
-10714.2
-11560.8
-13954.9
-11825.8
-12187.3
-11733.6
-12442.2
-10240.4
-11925
-11807
-14527.2
-11478.6
-6139.66
2554.92
14553.4
2261.87
16683.6
13315.1
22556.5
21820.9
23251.6
20167.1
30725.7
37141.2
32734.7
185660
39640.7
43502.8
45353.5
45410.4
39350.8
46533.5
46811.9
52229.8
33256.7
26927.3
5355.79
963.084
-5751.2
-25054.2
-57963.8
-94988.6
-100970
-52831.2
-34537.6
-18609
-13983.8
-11947.5
-10584.6
-8515.64
-6401.38
-7801.45
-3643.99
-2666.78
-4699.91
-7618
-6543.19
-4189.04
-5450.98
-11253
-8206.42
-7973.18
-6570.56
-6372.04
-1649.41
-10095.9
-5766.08
-12639.7
-11198.6
-9147.69
-9887.25
-15786.6
-24083.5
-13769.2
-12568.8
-14439.6
-11055.6
-21752.7
-16169.4
-16975.8
-19520.3
-23991.3
-11649.5
-10216
-4696.08
4915.21
4816.37
-1454
16836.7
20005.6
21171.7
25354.6
23993.6
33117.3
27663.6
39640.7
202795
48195.2
44085.3
64219.9
49302.2
45737.7
37658.5
31323.9
36785.3
29151.8
20109.7
18455.6
-8532.26
-11230.4
-36617.3
-80143.7
-98154.3
-53967.6
-43307.4
-22972.1
-18504.3
-15924.7
-10108.2
-12986.1
-12715.3
-10701.5
-5261.93
-4663.68
-4097.36
-5072.1
-7777.24
-8998.96
-3987.16
-7101.17
-5566.28
-7638.16
-8255.52
-8890.78
-4718.36
-9353.66
-8617.09
-15238.2
-8924.43
-8573.91
-11499.4
-16789.7
-18987.7
-16052.8
-14835.4
-8904.2
-17433
-18032.8
-11045.9
-14575
-18751.9
-15572.7
-14063.2
-11776.2
-3256.16
-5799.25
7219.05
6917.75
18127.2
4759.4
15908.2
15684.9
29993.7
28284.3
45473.8
43502.8
48195.2
200535
56366.3
57608.3
54525.7
55349
42992.8
57282.9
50970.3
46682.7
29262.1
16825
-5873.33
-16763.5
-51664.6
-97875.4
-113734
-63257.8
-38756
-23333.4
-24464.6
-19421.4
-14946.4
-12186.3
-12512.7
-12354
-4106.81
-4579.73
-4997.81
-5509.86
-7411.84
-7108.39
-8140.87
-8834.36
-6503.14
-8058.18
-6997.13
-13132.8
-8816.29
-9015.05
-7420.83
-12508.1
-11885.8
-13542.6
-12111.7
-14905
-16378.3
-18583.4
-21851.3
-14148.8
-16564.2
-26799
-14189.8
-14889.6
-16078.3
-24044
-11929
-9909.36
-3374.91
-6615.73
-2840.17
9610.16
12655.6
11004.4
21315.2
21630.8
27216.2
31821.1
49842.3
45353.5
44085.3
56366.3
214613
51493
55945.2
71157.3
62753.5
54420.5
61801.5
38831.4
34083.8
30470.1
-4366.12
-17142.2
-49396.5
-87703
-134366
-70235.4
-45749.6
-35681.5
-28334.2
-20701
-18210
-9098.57
-13501.2
-13216.4
1749.54
82.9458
-1945.5
-7717.81
-4416.55
-973.351
-2139.53
-4361.31
-8092.86
-2983.61
-7221.77
-10535.8
-4457.03
-8912.04
-6403.22
-8723.23
-6940.31
-9344.59
-11799.3
-14262.2
-17724.8
-15009.1
-18688
-20070.7
-16661.6
-26787.3
-16491
-19801.6
-24648.4
-25548.3
-15348.1
-19944.8
-18509.6
-7643.97
-4493.97
-13537.5
17291.8
9563.17
9919.27
11255.5
21832.8
32390.2
40760.5
45410.4
64219.9
57608.3
51493
223652
56995.8
66714.2
62230
68987.7
57048.7
47018.8
42296.3
21649.8
4705.94
-16346.5
-52482.6
-97294.8
-123435
-75063.9
-50742.5
-29932
-26027.1
-26602.4
-19166.1
-13372
-14181.4
-12490.5
-1874.41
-2027.36
-4090.99
-4662.03
-4857.87
-4428.53
-5759.24
-5725.15
-1031.11
-6250.09
-5805.1
-11996.7
-6783.03
-8272.3
-3569.2
-9325.79
-8111.63
-9613.05
-16107.7
-14063
-18106.4
-13299.4
-16430.7
-15805.9
-17266.8
-22583.3
-20408.2
-18857.5
-27610.8
-21901.9
-19244.8
-13016
-11611.7
-12885.9
-5179.95
-2905.45
4955.83
5508.34
18344.6
6409.51
16636.9
25189.1
44009.6
39350.8
49302.2
54525.7
55945.2
56995.8
221392
66137.2
55247.8
65121.5
65585.5
49476.7
41354.8
34730.9
6352.14
-10671.5
-34931.6
-82983.9
-119742
-68696
-53992
-36633.4
-33976.6
-20615.6
-19706.8
-15802.4
-15940.8
-16308
-1960.95
-2527.68
-1618.73
-3957.29
-5352.73
-5866.12
-1882.21
723.209
-8619.84
-5199.23
-5121.03
-10800
-9711.15
-10998.7
-6621.5
-11097.7
-8322.87
-12308.8
-15501.9
-20912.3
-16067.8
-19628.4
-27107.8
-18330.9
-26090.7
-26112.1
-20391.8
-24517.2
-24146
-28523.2
-23185.8
-19708.9
-22840.1
-17866.5
-5721.98
-7812.22
-3330.77
11667.3
7077.22
10353.6
23168.5
42049
48853
46533.5
45737.7
55349
71157.3
66714.2
66137.2
261648
70933.2
74054.6
57335.6
57648
67319.5
40329.1
12823.6
-23170.9
-38682.1
-101311
-130938
-89057.9
-56360
-33270.7
-34790.2
-32177.3
-16813
-14505.7
-21820.4
-14487.1
1747.9
1475.23
-1481.62
271.891
-2552.93
-1470.52
-1011.53
709.576
327.463
-4207.1
-4970.39
-5019.03
-5114.5
-3274.61
-3356.16
-6255.56
-6743.8
-11573.9
-13835.2
-8466.36
-15130.1
-18720.4
-18784.1
-16466.1
-23016.7
-29314
-25985.7
-26456.1
-23204.5
-27758
-25801.8
-25729.4
-14876.9
-22884.1
-18776.8
-16558.6
3770.82
-469.883
-268.471
9763.8
18197
24201.9
41216.3
46811.9
37658.5
42992.8
62753.5
62230
55247.8
70933.2
248399
79996.1
54596.1
58061.7
48881.5
43467.3
23202.6
-10123.3
-37867.1
-83831.5
-125318
-55642.9
-54469.2
-32207.1
-26652.5
-28225.9
-20216.8
-17074.7
-15870.7
-14428.2
6056.82
4933.49
3548.74
5796.74
3986.07
4562.92
1025.46
1769.57
401.279
-2398.37
-1713.72
-2171.65
3033.17
-935.061
-4768.53
-4572.96
-2774.05
-7313.77
-9576.24
-14682.6
-13151.5
-12884.8
-18098.5
-12311.8
-23240.4
-29160.4
-24610.3
-24371.7
-29138.2
-30770.3
-32240.1
-29493.2
-30603.7
-39511
-34111.2
-29871.3
-10658.6
-13451.5
-15174.9
-4424.79
6765.1
3596.56
29440.1
52229.8
31323.9
57282.9
54420.5
68987.7
65121.5
74054.6
79996.1
294128
78986.8
76802.4
57273.2
62434.2
34899
-3053.41
-26278.8
-97488.1
-125935
-83478.4
-59266.4
-37631.4
-39816.7
-27233.2
-20754.9
-23374.2
-20753.7
-18940.1
5257.24
1403.85
2299.48
-1531.03
-107.134
3985.56
1375.01
1893.18
-437.891
-1798.7
1984.12
-7042.2
1232.76
-2711.77
-2457.81
-5198.91
-7930.44
-3758.49
-5477.78
-5635.63
-12381.2
-13844.8
-14780.6
-16503.4
-15395
-24914
-27157.6
-23246.9
-26133.6
-29863.4
-26488.3
-34120.5
-30140.5
-29171
-26587.1
-32269.3
-25457.8
-16218.3
-6635.56
-7903
-4059.82
6450.38
34738.4
33256.7
36785.3
50970.3
61801.5
57048.7
65585.5
57335.6
54596.1
78986.8
311643
64415.5
68892.3
36534.8
25695.8
26837.2
-26992.2
-66217.5
-96821.6
-67693.3
-57294.3
-43377.6
-35106.2
-22937.6
-21566.6
-16508.2
-16212.7
-18394.3
3895.75
4923.43
7715.73
4755.5
6515.27
8165.03
3190.03
6683.55
797.488
7.92975
2960.7
4752.73
2267.57
-229.958
-5322.02
-5473.29
1651.87
-1825.79
57.045
-11196.5
-11647.3
-9478.83
-19687.9
-19092.8
-16651
-19439.5
-25005.6
-14742.2
-30030.9
-31896
-20007.2
-32431.2
-33804.3
-40448.5
-22835.5
-29818.4
-27592.6
-32103
-24327.9
-15121.7
-11876.1
-4342.89
18164.5
26927.3
29151.8
46682.7
38831.4
47018.8
49476.7
57648
58061.7
76802.4
64415.5
272040
47772.5
49563.8
28172.4
28220.2
-20813
-32694.2
-68932.3
-61751.9
-49608.5
-31552.1
-28853.4
-25593.2
-22594.2
-17519
-18159.2
-15234.5
5248.16
4733.09
2095.9
4627.35
1282.44
3816.12
3454.63
627.71
-2631.59
-4989.49
1277.78
-3337.88
981.425
-2555.31
-1247.1
-4859.77
-3502.99
-2251.73
-7674.39
-20754.5
-9901.73
-13936.4
-19320.2
-10778
-12098.7
-29416.6
-16781.1
-14052.9
-18790.2
-21025.5
-18745.3
-19290.3
-32849.7
-28274.1
-26682.9
-28867.3
-25500.8
-26983.3
-14351
-1582.04
2908.56
3231.16
35215.5
5355.79
20109.7
29262.1
34083.8
42296.3
41354.8
67319.5
48881.5
57273.2
68892.3
47772.5
297065
51543
17930
-4371.1
13554.3
-37300.7
-65865.1
-44511.9
-41247
-21314.5
-29702.1
-19693.8
-15709.3
-16103.4
-19008.1
-15226.3
3988.41
3905.85
1786.14
4130.64
1698.04
2207.89
544.201
1513.46
-103.02
-1130.77
3375.51
5512.2
-1216.8
1035.67
-3035.08
2571.47
310.338
-6350.68
330.447
-3314.28
-7509.99
-5417.61
-6247.92
-5971.28
-9419.51
-16102.7
-17092.1
-15199.9
-18494.7
-24624.4
-30124.2
-25915.4
-31764
-35210.6
-28491.8
-33558.2
-22921.4
-26902.6
-27890.7
-18606.1
-22179.8
-13255.2
20137.7
963.084
18455.6
16825
30470.1
21649.8
34730.9
40329.1
43467.3
62434.2
36534.8
49563.8
51543
324336
21591.2
15343.7
34902.7
-10719.7
-72769.2
-34562.9
-45341.9
-22924.5
-26095
-20329.6
-12808
-12655.9
-12241.9
-16302.8
8955.25
5071.78
6779.5
5291.72
4992.95
8123.9
8022.41
5866.13
8972.22
3566.86
5756.17
4926.23
9039.96
8652.89
2033.67
6610.37
2258.33
2773.38
-5087.88
903.48
-8099.12
-5159.59
-10327.6
-1096.25
-7947.12
-6068
-16636.1
-16347.8
-12029.3
-15561.3
-21834.6
-26900.2
-25921.6
-33421.1
-33197.9
-29344.9
-35445.9
-25507.2
-36968.3
-23515.9
-27371.3
-27905.6
-11339.7
-5751.2
-8532.26
-5873.33
-4366.12
4705.94
6352.14
12823.6
23202.6
34899
25695.8
28172.4
17930
21591.2
311176
22136
28741.6
29884.7
3256.76
409.738
-11841.5
-8096.99
-6791.86
-4026.84
-7718.12
-7513.3
-6843.01
-466.915
8110.92
4804.14
9005.24
5484.6
5885.68
4957.39
7589.59
8123.02
6658.41
6330.99
8144.04
10524.3
9144.33
1793.44
567.639
10282.2
8183.14
5745.01
11158.7
11180.9
2807.01
4283.37
-3760.9
1353.21
-3997.18
1244.98
-3676.68
-310.522
-4312.97
-13517
-16049.6
-27185.8
-25274.3
-28763.9
-35722
-30110.6
-49119
-33912.3
-33201.5
-33449.3
-48988.6
-44690.7
-37115.8
-25054.2
-11230.4
-16763.5
-17142.2
-16346.5
-10671.5
-23170.9
-10123.3
-3053.41
26837.2
28220.2
-4371.1
15343.7
22136
364778
55610.6
45354.6
48094.2
21505.9
-856.672
5786.84
4416.58
-3529.72
-3699.16
-1749.07
2947.15
1189.88
10864.6
10331
9090.28
11232.1
10895
10032.2
11721.1
8146.37
7194.55
8524.98
13518.6
13348.3
8979.51
9289.77
8335.4
11261.7
7562.63
7581.69
8125.57
2664.17
3967.28
6301.7
594.363
8032.42
1704.64
-2085.5
4216.52
1885.58
6684.5
-10301.2
-20556.2
-18687.1
-42876.4
-20156.3
-36855.5
-50554.3
-45468.9
-51197.7
-53187.2
-46237.4
-59840.8
-52100.2
-39658.5
-57963.8
-36617.3
-51664.6
-49396.5
-52482.6
-34931.6
-38682.1
-37867.1
-26278.8
-26992.2
-20813
13554.3
34902.7
28741.6
55610.6
447974
99789.2
125439
53358.8
20575.9
22544.3
11689.4
6516.54
14319.7
-549.52
819.461
4303.23
11334
10717.8
10327.5
17893.7
15380.2
14032.2
17116.1
14599.8
8781.35
16467.5
21259.3
21883.3
15184
10185.3
15444.9
21036.3
12618.4
15692.2
22804.6
18653
19793.7
20769.9
19232.1
24679.7
22706.9
18473.7
11733.9
10515.9
16512.2
1417.07
219.119
-16334.4
-28306.1
-24982.1
-32774.8
-32201.4
-52465.4
-57913.1
-59278.1
-65616.3
-67765.3
-81655.1
-95945.6
-94988.6
-80143.7
-97875.4
-87703
-97294.8
-82983.9
-101311
-83831.5
-97488.1
-66217.5
-32694.2
-37300.7
-10719.7
29884.7
45354.6
99789.2
560698
159723
116191
67539.5
34088.2
34389.2
28253.4
18629.2
19122.2
20475.8
16413.2
9150.37
5203.25
9824.65
15382.2
13364
13141.4
12148.2
8585.56
14835.4
13467.6
11185
17530.2
13428.9
21060.1
14409
17468.1
16215.7
20472.2
22424.5
17615.4
17670.1
24720.9
25962.8
18797.2
21429.3
33294.6
21770.2
23874.5
31829.4
20481.3
12061
-4023.25
-1477.42
-4225.06
-27445.4
-33030.6
-35445.6
-27142.1
-49039.9
-52679.8
-81539.6
-81336.5
-80180.7
-100970
-98154.3
-113734
-134366
-123435
-119742
-130938
-125318
-125935
-96821.6
-68932.3
-65865.1
-72769.2
3256.76
48094.2
125439
159723
590164
134286
91179.5
69084.9
56224.3
43284.3
31060.9
25586.2
24868.2
21250.7
3189.44
4059.7
4873.08
2669.76
3429.49
3211.96
4788.01
8148.95
7278.75
10297.9
7707.53
7619.02
6359.74
7126.27
8152.21
9705.33
5756.89
11805.6
8321.9
13350.3
13047.7
10897.4
14267.8
14786.3
15838.2
22893.4
13557.2
10589.3
18924.4
16224.1
6177.48
8109.51
3683.66
10520.5
-5273.88
296.144
-17486
-14295.9
-24516.2
-23180.6
-32021.9
-43680.8
-62561.6
-52831.2
-53967.6
-63257.8
-70235.4
-75063.9
-68696
-89057.9
-55642.9
-83478.4
-67693.3
-61751.9
-44511.9
-34562.9
409.738
21505.9
53358.8
116191
134286
231373
53251.8
28677.9
31611.4
34233.8
16730.7
15923.7
19519.8
14311.6
-74.6238
-46.4169
-311.409
1241.23
3776.71
2575.48
1754.52
1256.95
3036.35
3513.05
121.111
4975.33
2422.42
2804.06
2764.88
5190.19
4492.17
4058.95
5707.17
3845.08
7944.8
9084.52
8396.48
11606.4
6206.13
16904.2
14030
11109.9
17274
16437.3
15910.9
11616.2
7569.51
13688.4
9075.64
10097.8
-3707.16
-1800.31
-3558.69
-6611.79
-8074.33
-16081
-35773.2
-34537.6
-43307.4
-38756
-45749.6
-50742.5
-53992
-56360
-54469.2
-59266.4
-57294.3
-49608.5
-41247
-45341.9
-11841.5
-856.672
20575.9
67539.5
91179.5
53251.8
122223
32572.1
27288.3
18435.2
16843.4
15681.5
16282
16487.8
505.484
-368.251
-236.998
2037.71
1184.26
-38.0606
778.681
123.744
988.961
1551.24
839.572
2124.1
2567.18
1791.62
557.499
2658.21
2603.98
2603.03
4540.11
2614.46
3262.39
6049.77
2198.05
6100.69
3702.61
10860.6
9046.94
5121.09
11305.3
7678.54
9205.94
6472.29
2750.29
4275.3
6392.94
455.264
2582.21
2878.1
312.539
-6124.32
-5999.61
-11295.9
-20693.4
-18609
-22972.1
-23333.4
-35681.5
-29932
-36633.4
-33270.7
-32207.1
-37631.4
-43377.6
-31552.1
-21314.5
-22924.5
-8096.99
5786.84
22544.3
34088.2
69084.9
28677.9
32572.1
67136.4
18354.6
13453.2
12558.4
9030.2
9169.99
9626.83
-1497.55
-1316.78
-475.211
-1159.21
-96.2767
-999.539
411.361
-385.845
921.58
1639.99
293.942
1991.3
1241.5
2265.06
1266.18
2222.14
1866.16
4697.23
4535.1
5966.62
5609.04
3989.49
6202.67
5855.17
8886.72
10819.1
5636.42
8925.16
11097.1
9411.95
9859.5
8499.45
7284.88
9056.85
6253.37
4627.41
-84.053
2898.35
-1564.51
-4471.95
-7627.27
-10100.5
-19107
-13983.8
-18504.3
-24464.6
-28334.2
-26027.1
-33976.6
-34790.2
-26652.5
-39816.7
-35106.2
-28853.4
-29702.1
-26095
-6791.86
4416.58
11689.4
34389.2
56224.3
31611.4
27288.3
18354.6
47761
10822.1
9810.27
9277.47
9753.74
9599.32
437.584
-160.95
95.8815
1230.97
1080.11
-20.2702
-883.771
-425.962
1341.2
1794.43
665.902
765.211
1885.91
2758.69
625.473
2218.49
1518.47
2684.97
1157.06
2290.8
4972.38
2762.5
3057.4
3823.32
4655.5
8620.32
7836.35
5983.45
8186.78
7148.79
4843.27
6857.96
7985.9
6733.74
2747.32
6041.75
2542.12
1520.94
-1002.39
-1899.07
-4468.67
-3134.76
-14701.1
-11947.5
-15924.7
-19421.4
-20701
-26602.4
-20615.6
-32177.3
-28225.9
-27233.2
-22937.6
-25593.2
-19693.8
-20329.6
-4026.84
-3529.72
6516.54
28253.4
43284.3
34233.8
18435.2
13453.2
10822.1
38728.6
8356.66
5980.21
6811.65
6254.59
-865.374
-104.293
112.572
190.581
648.548
-413.222
16.3199
700.7
686.328
809.016
783.343
1890.07
-6.02603
921.464
801.631
1529.29
948.519
846.179
1039.67
2321.13
3224.04
2367.37
3091.14
3499.99
3920.65
6129.75
5626.83
5389.99
5713.75
6259.81
5089.07
3900.75
3218.39
5591.58
1901.36
1715.11
3016.78
5106.66
-1641.51
-554.594
-345.237
-4479.35
-9075.68
-10584.6
-10108.2
-14946.4
-18210
-19166.1
-19706.8
-16813
-20216.8
-20754.9
-21566.6
-22594.2
-15709.3
-12808
-7718.12
-3699.16
14319.7
18629.2
31060.9
16730.7
16843.4
12558.4
9810.27
8356.66
24297.6
6209.97
5006.37
5780.34
50.4471
50.6506
-318.216
-236.445
218.706
471.757
88.6667
1338.74
88.7781
1046.11
241.423
1074.25
-1087.01
536.759
692.169
597.771
386.119
-104.83
1953.53
3331.12
2070.31
1233.92
2233.76
2452.75
5264.95
4120.62
4125.9
3837.02
3485.73
3379.87
4124.69
4007.44
4019.3
5042.95
5642.62
2088.93
3906.37
2432.18
-1849.23
-2807.31
-2154.4
-1549.29
-6288.71
-8515.64
-12986.1
-12186.3
-9098.57
-13372
-15802.4
-14505.7
-17074.7
-23374.2
-16508.2
-17519
-16103.4
-12655.9
-7513.3
-1749.07
-549.52
19122.2
25586.2
15923.7
15681.5
9030.2
9277.47
5980.21
6209.97
21110.5
5796.77
4403.73
-1034.08
-1102.44
-1141.84
-1547.86
-418.16
-547.017
-440.656
-368.571
-350.309
210.044
-16.0782
1000.88
-169.252
61.8405
-70.9044
1183.98
978.581
761.359
1194.93
2298.33
3072.64
1775.28
1967.66
3065.05
5075.46
5680.06
4181.3
3799.8
5201.68
7573.58
4833.1
5274.18
5919.77
7692.38
2822.15
2691.02
4928.36
4376.91
-376.014
588.164
-631.204
-4870.37
-10624
-6401.38
-12715.3
-12512.7
-13501.2
-14181.4
-15940.8
-21820.4
-15870.7
-20753.7
-16212.7
-18159.2
-19008.1
-12241.9
-6843.01
2947.15
819.461
20475.8
24868.2
19519.8
16282
9169.99
9753.74
6811.65
5006.37
5796.77
18152.4
5950.47
6.91204e-310
6.91204e-310
2.78338e-316
2.78338e-316
2.78338e-316
0
0
0
6.91204e-310
0
0
0
0
0
2.73708e-316
1099.95
8.39912e-323
0
0
893.375
2.78338e-316
4.04739e-320
536.114
0
0
4716.96
6.91204e-310
0
0
0
0
6.91204e-310
2.96439e-323
0
2.02468e-320
4276.11
0
0
0
0
0
0
0
0
0
0
0
0
0
0
0
0
0
0
0
-16302.8
6.95273e-310
6.91204e-310
0
16413.2
6.95273e-310
6.91204e-310
6.91204e-310
6.91204e-310
9599.32
6254.59
5780.34
4403.73
5950.47
14955.8
