0
0
0
0
0
0
0
0
0
0
0
0
0
0
0
0
0
0
0
0
0
0
0
0
0
0
0
0
0
0
0
0
0
0
0
0
0
0
0
0
0
0
0
0
0
0
0
0
0
0
0
0
0
0
0
0
0
0
0
0
0
0
0
0
0
0
0
0
0
0
0
0
0.028703
0.0188631
0.0118652
0.0140558
0.0120307
0.0140072
0.0135526
0.0135113
0.0145602
0.01089
0.0117472
0.0104394
0.00942803
0.00947201
0.00886691
0.00845244
0.00813719
0.00771567
0.00676256
0.0055903
0.0057177
0.00598513
0.0053689
0.00547479
0.00573401
0.00493301
0.00475122
0.00456124
0.0040919
0.00385847
0.00385539
0.00345401
0.00319158
0.0028252
0.00319379
0.00316785
0.00310204
0.00262607
0.00286375
0.00247498
0.00235564
0.00202953
0.00224642
0.00214808
0.00210224
0.00169621
0.00172334
0.00176339
0.0018534
0.00160573
0.00154735
0.00126772
0.00131209
0.000901144
0.00122461
0.00105342
0.000957752
0.000987167
0.00160657
0.00089666
0.00106553
0.000318167
0
0.000845666
0.00197239
0.000535906
0.001875
0.000684932
0
0
0.000994036
0.000267408
0.0287675
0.0135101
0.0192216
0.0151893
0.0118233
0.0136286
0.0119263
0.0138369
0.0118583
0.0118311
0.0116236
0.0108982
0.00942803
0.00797149
0.00758803
0.0095282
0.00780094
0.00795869
0.00504508
0.00710631
0.00576037
0.00609665
0.0061793
0.005382
0.00514947
0.00576384
0.0043171
0.00469739
0.00394271
0.00433051
0.0037004
0.00384608
0.00353036
0.00340736
0.00306276
0.00300786
0.00288598
0.00258181
0.00290628
0.00236619
0.00226453
0.0022163
0.00218699
0.00189936
0.00194135
0.00225827
0.00161275
0.00146109
0.00156941
0.00158647
0.00153047
0.00144685
0.00142872
0.000871106
0.00117359
0.000902935
0.001277
0.00112819
0.00124955
0.000224165
0.00106553
0.00127267
0.0014498
0
0.000493097
0.00375134
0.00125
0
0.00223214
0.00088574
0
0.000374372
0.0296051
0.0180984
0.0151875
0.0129222
0.0138975
0.0128715
0.0148175
0.0128602
0.0108076
0.0125034
0.0126128
0.0105541
0.0097423
0.0102223
0.00861113
0.00929768
0.00793544
0.00959903
0.00788965
0.00611143
0.00721113
0.00635688
0.00604423
0.00532014
0.00559483
0.00464742
0.0049924
0.00449316
0.00400665
0.00441261
0.00406851
0.0035847
0.00358385
0.00380117
0.00335757
0.00307185
0.00233039
0.00259656
0.00265109
0.00274695
0.00234262
0.00201708
0.00208002
0.00201241
0.00223095
0.00195716
0.0018155
0.00190614
0.00175625
0.00149654
0.00129978
0.00163976
0.00155993
0.00108137
0.00102051
0.00105342
0.00106417
0.00155126
0.00196358
0.00112082
0.00133191
0.000636335
0
0
0.000493097
0.00160772
0
0.000684932
0.000744048
0.00088574
0
0.00032089
0.0292668
0.0158042
0.0147129
0.0185899
0.0159718
0.0149536
0.0168052
0.0117207
0.010057
0.0110245
0.0122419
0.0107835
0.00858999
0.00909688
0.0104868
0.00852928
0.00780094
0.00765492
0.00670889
0.00781694
0.00640041
0.0060223
0.00651697
0.00621714
0.00467628
0.00521861
0.00467887
0.00451585
0.00415583
0.00437156
0.00410725
0.00425683
0.00338772
0.00369844
0.00303001
0.00343983
0.00302488
0.00295064
0.00258021
0.00266536
0.00222549
0.00258983
0.00208002
0.00217069
0.0019199
0.00181665
0.00182472
0.0017214
0.00175625
0.00161216
0.00165426
0.00139862
0.00135582
0.00138175
0.00117359
0.0013544
0.000638502
0.00155126
0.00160657
0.00044833
0.00106553
0.00127267
0.0014498
0.000422833
0.000986193
0
0.000625
0
0.000744048
0
0.000994036
0.000481335
0.0297661
0.019118
0.0201709
0.0199501
0.0151421
0.011925
0.0149982
0.0148136
0.0148604
0.0121
0.0113763
0.0121601
0.0117327
0.0102223
0.00963424
0.00814507
0.00928043
0.00814095
0.00799699
0.00748531
0.00708312
0.00583643
0.0072936
0.00609341
0.00573401
0.00516668
0.00557123
0.00512855
0.00511487
0.00476151
0.00453348
0.00444353
0.0042079
0.00392103
0.00352136
0.00292786
0.00310204
0.00292113
0.00304805
0.00259737
0.00290225
0.00234081
0.00268619
0.0021933
0.00194135
0.00198727
0.00210119
0.00179698
0.00162173
0.00171492
0.00168239
0.0014813
0.00142872
0.00153195
0.000918461
0.00142965
0.001277
0.00169229
0.000535523
0.00134499
0.00106553
0.00127267
0.0014498
0.000422833
0.00147929
0
0
0.00205479
0.0014881
0.00177148
0.000994036
0.000374372
0.0297822
0.0175886
0.0161367
0.0158694
0.0149347
0.0143858
0.0115649
0.0123718
0.0148604
0.0106211
0.0116236
0.0115866
0.0121517
0.0105974
0.0103163
0.00975872
0.00860794
0.00722965
0.00896307
0.00881182
0.00827786
0.00762082
0.0062806
0.00609341
0.00617937
0.00643888
0.00523358
0.00590011
0.00537062
0.00472047
0.00466909
0.00364071
0.0040296
0.00364707
0.00358687
0.00355183
0.00322551
0.00303915
0.00296298
0.00277415
0.00275909
0.0028015
0.00244848
0.00267945
0.00264925
0.00225827
0.00205511
0.00184736
0.00175625
0.00179842
0.00167677
0.00168799
0.00148703
0.0012616
0.00163282
0.00112867
0.00148984
0.00155126
0.00178508
0.00134499
0.00133191
0.001909
0.0014498
0.0012685
0
0.000535906
0.000625
0.00136986
0.000744048
0
0
0.000481335
0.0295406
0.019118
0.0173232
0.01927
0.0136901
0.0179822
0.0146368
0.0161159
0.0181627
0.0141167
0.0123655
0.0115866
0.0115232
0.012473
0.0104016
0.0105271
0.00968393
0.0103281
0.0092851
0.00791169
0.00716846
0.00773234
0.00621307
0.00671203
0.0061237
0.00581576
0.00540241
0.00583203
0.00509356
0.00508989
0.00505657
0.00479827
0.0043862
0.00424636
0.00391444
0.00369582
0.00379653
0.00343749
0.00337412
0.00286934
0.00260291
0.00262719
0.00231773
0.00253248
0.00249909
0.00221812
0.00222099
0.00191453
0.00183098
0.00196542
0.0018737
0.00176378
0.00160366
0.00180229
0.00153077
0.0013544
0.00159625
0.000705119
0.00107105
0.00089666
0.000532765
0.000954502
0
0.000422833
0.00147929
0.000535906
0.000625
0.000684932
0
0.00088574
0.000994036
0.000374372
0.0291379
0.0249809
0.0185097
0.0190433
0.014105
0.0191179
0.0168052
0.0167671
0.0159111
0.0142511
0.0152096
0.0145692
0.0138278
0.0120041
0.0101458
0.00968188
0.00928043
0.00929526
0.00933877
0.0084802
0.00849121
0.00732342
0.007091
0.00621714
0.00629071
0.00641292
0.00612594
0.00614973
0.00560505
0.00533618
0.00476596
0.0046489
0.00501025
0.00467442
0.00452044
0.00385581
0.00404346
0.00362928
0.00370019
0.00296453
0.00325364
0.00316259
0.00281693
0.00244203
0.0027136
0.00248911
0.00214727
0.00204049
0.0018534
0.00204249
0.00205938
0.0016122
0.00199729
0.00219278
0.00158179
0.00127916
0.00106417
0.00112819
0.000892538
0.00179332
0.00186468
0.000318167
0.00253715
0.0012685
0
0
0.000625
0.00205479
0
0.00088574
0
0.000267408
0.0292507
0.0206475
0.0220693
0.01927
0.0192906
0.0194965
0.0171666
0.0159531
0.0162113
0.0141167
0.0157042
0.0144545
0.0122564
0.012473
0.0115952
0.011065
0.0104237
0.0116039
0.00982181
0.00947508
0.00861922
0.00843866
0.00752997
0.00739251
0.00720926
0.00638696
0.00648771
0.00696666
0.00571161
0.00601346
0.00550217
0.00502231
0.00499242
0.00575313
0.00427476
0.00433579
0.0035959
0.00348175
0.00377107
0.00384846
0.00327967
0.00348632
0.00291202
0.00266814
0.00283159
0.00259951
0.00258962
0.00251073
0.00195803
0.00226087
0.00184557
0.00214271
0.00180776
0.00186237
0.00173487
0.00158014
0.00106417
0.00197433
0.000535523
0.00246581
0.00239744
0.000954502
0.0021747
0.000845666
0.000493097
0
0.00125
0
0.00223214
0.00177148
0
0.000534817
0.0296051
0.0160591
0.0201709
0.01927
0.0219871
0.0172251
0.0182508
0.0161159
0.0153107
0.01452
0.0173117
0.0130779
0.0130945
0.0110663
0.0127888
0.0116797
0.0122394
0.00959903
0.00998283
0.00909608
0.0107954
0.00951673
0.00854297
0.00875348
0.0083505
0.00758126
0.00750066
0.00721628
0.00679852
0.00568508
0.00639337
0.00569444
0.00543817
0.00494838
0.0051592
0.00457578
0.00489228
0.00411614
0.00430979
0.00394365
0.00372217
0.00353612
0.00381534
0.00335779
0.00317481
0.00290062
0.00267256
0.00272065
0.00257832
0.00237649
0.00230696
0.00220472
0.00208476
0.00153195
0.00173487
0.00127916
0.00180909
0.00197433
0.00142806
0.00089666
0.000532765
0.000636335
0.0021747
0.000845666
0.00246548
0.000535906
0.000625
0.00205479
0.000744048
0.00088574
0.000994036
0.00032089
0.0302171
0.0203926
0.018747
0.0247109
0.0174238
0.0172251
0.017528
0.0169298
0.0210147
0.0172089
0.0133548
0.0176666
0.0138278
0.0129419
0.011851
0.012986
0.0110289
0.0136087
0.011593
0.0101857
0.00994197
0.00959108
0.00969103
0.009867
0.00924122
0.00771108
0.00815185
0.00712551
0.00722476
0.00714227
0.00670335
0.00612386
0.00566997
0.00587299
0.00537212
0.00515175
0.00503117
0.00478003
0.00422473
0.0045012
0.00428179
0.00357347
0.00389854
0.00344824
0.00329279
0.00305117
0.00304119
0.00281302
0.00277263
0.00251779
0.00235197
0.00216338
0.00228886
0.00219278
0.0017859
0.00142965
0.00148984
0.00183331
0.00142806
0.00112082
0.00106553
0.001909
0.0014498
0.000845666
0.000493097
0.000535906
0.000625
0
0
0.00177148
0.00298211
0.000695262
0.0310225
0.0237063
0.0277646
0.026978
0.023854
0.0185501
0.0204192
0.0203484
0.0177124
0.0204356
0.017559
0.01629
0.0161324
0.0165057
0.0140677
0.0146765
0.0132482
0.0128797
0.012076
0.011607
0.0111367
0.0113755
0.0107378
0.00931024
0.00932472
0.00921695
0.00877891
0.00821476
0.00858872
0.0074296
0.0070327
0.00683333
0.00704288
0.00650652
0.00579796
0.00569573
0.00618865
0.0051046
0.00490523
0.00481397
0.00424275
0.00448241
0.00404117
0.00394569
0.00400069
0.00318164
0.00344669
0.0031657
0.00291462
0.0027169
0.00282462
0.00244586
0.00217223
0.00219278
0.00193897
0.00173062
0.00148984
0.00126921
0.00142806
0.00201748
0.0015983
0.00127267
0.0007249
0.000845666
0.000493097
0.00267953
0.0025
0.000684932
0
0.00265722
0
0.000588298
0.0309581
0.02753
0.0270527
0.0233507
0.0250985
0.0185501
0.0200578
0.0179066
0.0160612
0.0186878
0.017559
0.0181255
0.0172847
0.0175373
0.0150055
0.0176733
0.0126429
0.0141555
0.0130421
0.012744
0.0127581
0.0130855
0.0116157
0.0104547
0.0103825
0.0103593
0.00836891
0.00921324
0.00892971
0.00956408
0.0083695
0.00793488
0.00814835
0.00719141
0.00668239
0.0063197
0.00584913
0.00598979
0.00535889
0.00501795
0.00475032
0.00484349
0.00420757
0.0041718
0.00404359
0.00348275
0.00365865
0.00353517
0.00316872
0.00292244
0.00328039
0.00269389
0.00256586
0.00258328
0.00204102
0.00165538
0.00244759
0.00197433
0.00267762
0.00179332
0.00239744
0.00159084
0.00253715
0.000422833
0.000986193
0.00107181
0
0.000684932
0
0.00354296
0.000994036
0.000374372
0.0296695
0.0257456
0.024205
0.0201768
0.0230243
0.0217679
0.024214
0.0208367
0.0235665
0.0207045
0.0192902
0.0203052
0.0187513
0.0176311
0.0164549
0.017827
0.0180229
0.0154921
0.0149742
0.0137862
0.0124168
0.0120818
0.0128989
0.0120631
0.0122196
0.0110863
0.0101777
0.0105294
0.010315
0.00905098
0.00912508
0.00843898
0.00775608
0.00755098
0.00737028
0.00707166
0.00628125
0.00641763
0.00595432
0.00573869
0.00512774
0.00525438
0.00525352
0.0049632
0.0041723
0.00415521
0.00381532
0.00376189
0.00337797
0.0035005
0.00304406
0.00306594
0.0028137
0.00285362
0.00275538
0.00278405
0.0019155
0.00211536
0.00196358
0.00179332
0.00133191
0.00127267
0.0014498
0.00169133
0.00295858
0.000535906
0.00125
0.00205479
0.0014881
0
0.000994036
0.000267408
0.0289608
0.0244711
0.0306122
0.026978
0.0242688
0.0263108
0.0240332
0.0208367
0.022816
0.0224523
0.0217633
0.0178961
0.0207417
0.0204445
0.0187569
0.0165207
0.0153329
0.0167072
0.0153499
0.017292
0.016385
0.0140892
0.0138781
0.012991
0.013667
0.0122806
0.0120831
0.0113691
0.0111675
0.0108776
0.0101519
0.00987659
0.00939645
0.00844135
0.00786164
0.0083516
0.00725353
0.00793721
0.00620951
0.00595627
0.00586957
0.00569017
0.00545558
0.00531368
0.00469786
0.00466708
0.0044512
0.004039
0.00331819
0.00378311
0.00331977
0.00333464
0.00307612
0.0025232
0.00163282
0.0027088
0.00212834
0.00169229
0.00214209
0.00179332
0.00186468
0.001909
0.00108735
0.00211416
0.00147929
0.00107181
0
0.000684932
0.00223214
0.00177148
0
0.000748743
0.0285742
0.0239613
0.0258662
0.0278848
0.025306
0.0318001
0.0240332
0.0263715
0.0231162
0.0224523
0.0205268
0.0235173
0.0212655
0.0198818
0.0203768
0.0215153
0.0201076
0.0173755
0.0158866
0.0162498
0.0168544
0.0170632
0.0154314
0.0141355
0.0153649
0.0151625
0.0125895
0.0126625
0.0118495
0.0118012
0.01083
0.0103807
0.00998484
0.00902351
0.00945034
0.00926356
0.00768566
0.00747986
0.00820846
0.00732974
0.00629905
0.00651194
0.00583593
0.00563024
0.00498745
0.00476745
0.00474611
0.00463519
0.00425236
0.00401434
0.00395559
0.00387893
0.003703
0.00342435
0.00255128
0.00323552
0.00180909
0.00394867
0.0023206
0.00201748
0.00293021
0.00127267
0.0028996
0.00422833
0.00246548
0.00160772
0.001875
0.00136986
0.00297619
0.00177148
0.000994036
0.000695262
0.0292829
0.0295692
0.0246796
0.0283382
0.0236465
0.0285822
0.0305385
0.0255575
0.0241669
0.0251412
0.0249784
0.0229437
0.0237796
0.0197881
0.0219115
0.0189796
0.0215198
0.0203524
0.0172284
0.0202293
0.0195426
0.017658
0.0171872
0.0171358
0.0161165
0.0149029
0.0146637
0.0142283
0.0130855
0.0134636
0.0119343
0.0122664
0.0114469
0.0108727
0.00951585
0.00940755
0.00879684
0.0085716
0.0083644
0.00814567
0.00747036
0.00704734
0.00682245
0.00664775
0.00597422
0.00539976
0.00547415
0.00486191
0.00512675
0.00443825
0.00428194
0.00431299
0.0037759
0.00339431
0.00316359
0.00285929
0.00425668
0.00437174
0.00285612
0.0038108
0.00293021
0.00413618
0.00181225
0.00211416
0.000493097
0.00160772
0.001875
0.00342466
0.0014881
0.00354296
0.000994036
0.000695262
0.0292668
0.035687
0.0280019
0.0247109
0.029247
0.0246072
0.0299964
0.024418
0.0288202
0.0251412
0.0269568
0.0245497
0.0245129
0.026259
0.0246398
0.0232826
0.0221923
0.0213244
0.0224345
0.0204662
0.0193292
0.0201487
0.019686
0.0189916
0.0170072
0.0163309
0.0170996
0.0155672
0.0151954
0.0147155
0.0135811
0.0134613
0.0131408
0.0130815
0.0114649
0.0108635
0.0101086
0.010342
0.00832187
0.00909758
0.00830329
0.00813059
0.00738108
0.00681733
0.00695025
0.00657406
0.00611004
0.00555047
0.00560505
0.00507412
0.00476022
0.00425098
0.00428615
0.00363462
0.00367384
0.003386
0.00308609
0.00324355
0.00339165
0.00224165
0.00372936
0.00349984
0.00398695
0.00211416
0.00246548
0.00214362
0.003125
0.00136986
0.000744048
0.00265722
0.000994036
0.00101615
0.0285259
0.0290594
0.0336972
0.0283382
0.0319436
0.0247965
0.0271052
0.0263715
0.0336235
0.0324012
0.0246074
0.0260411
0.0249319
0.0268217
0.0254071
0.0268173
0.0262273
0.0252126
0.024152
0.0242562
0.0212494
0.0220818
0.0207665
0.020167
0.0194845
0.0191609
0.0183537
0.0173145
0.016666
0.0176299
0.0152085
0.0158884
0.0138361
0.0137493
0.0131027
0.0124954
0.0121458
0.0109616
0.0103775
0.00976393
0.00926637
0.00846677
0.00833195
0.00845666
0.00845185
0.00676476
0.00658004
0.00594513
0.00598619
0.00581918
0.00518785
0.00482283
0.0044611
0.00510649
0.00500051
0.00421369
0.00266042
0.00324355
0.00321314
0.00336247
0.00372936
0.00222717
0.0028996
0.00211416
0.00394477
0.00267953
0.000625
0.00410959
0.0014881
0.00088574
0.000994036
0.00096267
0.0285742
0.0326281
0.0339345
0.034686
0.0342253
0.0312323
0.0328876
0.0291389
0.027169
0.0318634
0.0294299
0.0292532
0.0303792
0.0319797
0.0267713
0.0245121
0.0282448
0.0266707
0.0271039
0.02473
0.0238095
0.0228625
0.0245146
0.0225796
0.0218226
0.0213418
0.0199455
0.0199469
0.0189037
0.017712
0.016429
0.0160751
0.0163858
0.0147766
0.0153793
0.0136633
0.0122075
0.0122894
0.0117527
0.0113822
0.00985202
0.0102722
0.00944921
0.00905586
0.00832314
0.00750748
0.00757534
0.00712912
0.00692784
0.00595406
0.00612189
0.00573917
0.00548161
0.00483614
0.0043882
0.00481565
0.00404384
0.00451276
0.00481971
0.00358664
0.00426212
0.00349984
0.00253715
0.00338266
0.00246548
0.00267953
0
0.00410959
0.000744048
0.00177148
0
0.000427853
0.0268829
0.0331379
0.0289511
0.0287917
0.0333956
0.0318001
0.029635
0.0341853
0.0279195
0.031729
0.0361073
0.0332683
0.0307982
0.0302917
0.029329
0.0282772
0.0297243
0.0277035
0.0297338
0.0268145
0.0256443
0.0271375
0.0246159
0.024683
0.0236597
0.0242237
0.0232255
0.0196746
0.0200759
0.0209137
0.0187345
0.0186703
0.0173487
0.0168656
0.0149371
0.0144953
0.0140286
0.0140893
0.0124474
0.0128101
0.011609
0.0107329
0.0103406
0.0100168
0.00903104
0.00901299
0.00879182
0.00759936
0.00763034
0.00732857
0.00666768
0.00614566
0.00613765
0.00486618
0.00530666
0.00541761
0.00521443
0.00437174
0.00446269
0.0044833
0.00319659
0.00509068
0.0028996
0.00465116
0.00345168
0.00214362
0.001875
0.00547945
0.00446429
0
0.000994036
0.00106963
0.0269635
0.0333928
0.0263408
0.0310587
0.0342253
0.0353966
0.0310806
0.0317434
0.0307715
0.0315945
0.0323977
0.031777
0.0323696
0.0302917
0.0310342
0.0295835
0.0302623
0.0291616
0.0287677
0.0284726
0.0310207
0.0290335
0.026338
0.0260749
0.0269164
0.0241977
0.0239491
0.0239862
0.0230169
0.021119
0.0202263
0.019025
0.0188286
0.0187148
0.0174758
0.0161432
0.0156954
0.0151515
0.0139785
0.0140611
0.0129235
0.0123391
0.0115768
0.0108309
0.0108115
0.0101271
0.0093079
0.0089261
0.00815347
0.00789379
0.00738227
0.00725491
0.00724564
0.00711904
0.00545974
0.00549285
0.00425668
0.00634607
0.00428418
0.00493163
0.00692595
0.00381801
0.00181225
0.00295983
0.00295858
0.00375134
0.0025
0.000684932
0.000744048
0.00177148
0.00397614
0.0011766
0.0254494
0.0351772
0.0313242
0.032419
0.0323584
0.0372894
0.0366823
0.0346736
0.0330231
0.0328045
0.032274
0.0314328
0.0333124
0.0342305
0.0323131
0.0336561
0.0309348
0.0300729
0.0300558
0.0309361
0.0296979
0.0276208
0.02779
0.0270337
0.028002
0.0263267
0.0259267
0.0254612
0.0246153
0.0244233
0.0242367
0.0214895
0.0218953
0.020701
0.020342
0.0194231
0.0177017
0.0166711
0.0165162
0.0156658
0.0145112
0.0142939
0.0127891
0.0122441
0.0117661
0.0114118
0.0109944
0.0101101
0.00958089
0.00894715
0.00877208
0.00815058
0.00753721
0.00729927
0.00699051
0.00684725
0.00638502
0.00507686
0.00446269
0.00425913
0.00293021
0.00413618
0.00471185
0.00295983
0.00246548
0.00321543
0.001875
0.00205479
0.00223214
0.00354296
0
0.00106963
0.0239836
0.0303339
0.0313242
0.0296985
0.0304916
0.0338823
0.0330683
0.0369526
0.0333233
0.0330734
0.0349944
0.0347597
0.0322648
0.0359186
0.0335067
0.0337329
0.03423
0.0335966
0.0335444
0.0321679
0.0342635
0.030855
0.0325511
0.0303124
0.0283082
0.0305328
0.0299303
0.027912
0.0274072
0.0260857
0.024566
0.0247568
0.0230186
0.0229098
0.0216031
0.020575
0.0195074
0.018471
0.017948
0.0175968
0.0154873
0.0157258
0.014358
0.0140756
0.0134179
0.0130076
0.0116763
0.0112857
0.0107916
0.0100712
0.00982428
0.00894979
0.00882014
0.00814034
0.00750077
0.00609481
0.00808769
0.00733324
0.00624777
0.00694911
0.00479489
0.00477251
0.00471185
0.00169133
0.00394477
0.00321543
0.00375
0.00410959
0.00372024
0.0044287
0.00198807
0.00149749
0.024193
0.0351772
0.0341718
0.0306053
0.0342253
0.0319894
0.033249
0.0306039
0.0336235
0.0368379
0.0346235
0.0357921
0.035617
0.0367626
0.0363202
0.0351929
0.0361802
0.03548
0.0346715
0.0347262
0.036525
0.0351673
0.033868
0.032756
0.0323721
0.031779
0.0317633
0.0321102
0.0289416
0.0285896
0.0278402
0.0272586
0.0261567
0.0259062
0.0244857
0.0227029
0.0218841
0.0208905
0.0200179
0.0191879
0.0180252
0.0175436
0.0161171
0.0156471
0.0147049
0.0143124
0.0133536
0.0135865
0.0123162
0.0119017
0.011034
0.0101211
0.0101031
0.00868102
0.00882743
0.0089541
0.00936469
0.00733324
0.00678329
0.00806994
0.00506127
0.00509068
0.0036245
0.00465116
0.00542406
0.00696677
0.005625
0.00342466
0.00446429
0.00265722
0.000994036
0.00155097
0.0226145
0.0354321
0.0313242
0.0299252
0.0290396
0.0348287
0.0303578
0.0314179
0.035725
0.0330734
0.0335106
0.0414133
0.0372931
0.03273
0.0355529
0.0381128
0.0357095
0.0353584
0.0355839
0.0352947
0.0364397
0.0346468
0.0349823
0.034983
0.034237
0.0360889
0.0353568
0.0343341
0.0313073
0.0314219
0.0307463
0.0281361
0.0277436
0.0266082
0.0261236
0.0251348
0.0249398
0.0231772
0.0214072
0.0209421
0.0207192
0.0191125
0.0184468
0.0170829
0.0164103
0.0155168
0.0153073
0.0142414
0.0140724
0.0129808
0.0116136
0.0115748
0.0112548
0.00991259
0.00943974
0.00917983
0.0081941
0.00733324
0.00803285
0.00784577
0.00665956
0.00763602
0.00688655
0.00887949
0.00641026
0.00535906
0.001875
0.00616438
0.00520833
0.00177148
0.00695825
0.00224623
0.0230655
0.0221769
0.0332226
0.0319655
0.0346401
0.0300965
0.0348753
0.0322318
0.0354248
0.0340145
0.0353654
0.0372835
0.0325791
0.0367626
0.0356382
0.0364992
0.0373235
0.0383961
0.0376771
0.0379003
0.0373784
0.0392193
0.0381563
0.0387256
0.0375216
0.0355696
0.0362974
0.0350829
0.0340352
0.0327354
0.0322962
0.0301712
0.0308282
0.0298786
0.0299233
0.0265267
0.0271004
0.0249771
0.0235054
0.0229955
0.0230488
0.0212292
0.0203128
0.0194458
0.0179655
0.0173033
0.0165607
0.015627
0.015298
0.0142397
0.0131722
0.0128012
0.0121004
0.0120153
0.0107664
0.00978179
0.0100032
0.0101537
0.0101749
0.00717328
0.00692595
0.00731785
0.007249
0.00591966
0.00591716
0.00375134
0.00625
0.00547945
0.00669643
0.00708592
0.00298211
0.00133704
0.0215192
0.0257456
0.0299003
0.0326457
0.0329807
0.0321787
0.0318034
0.032883
0.0324227
0.0337456
0.0335106
0.0343008
0.0338362
0.0356373
0.0370023
0.0388044
0.0373907
0.0383354
0.0410047
0.0381846
0.036653
0.0381784
0.0394057
0.0379524
0.0382453
0.0386073
0.0373104
0.0365126
0.0379779
0.0338232
0.0358416
0.0344654
0.0331283
0.0311799
0.0305294
0.0311345
0.0294154
0.0280901
0.0272623
0.02664
0.0243893
0.0233459
0.0217629
0.0214921
0.0211511
0.0205753
0.0190858
0.0176171
0.017144
0.0156591
0.0152991
0.0140413
0.0136311
0.013367
0.011889
0.013544
0.00989678
0.00973064
0.0101749
0.0089666
0.0106553
0.00922685
0.007249
0.00465116
0.0123274
0.00750268
0.006875
0.00616438
0.00595238
0.00531444
0.00497018
0.00251364
0.0202468
0.027275
0.0258662
0.0290184
0.0298693
0.0306644
0.0299964
0.0273482
0.035725
0.0282334
0.0354891
0.0373982
0.0350932
0.0369502
0.0373433
0.0360381
0.037189
0.0374848
0.0383748
0.0382793
0.0397679
0.0373234
0.0393719
0.039035
0.0410566
0.0402171
0.0379374
0.0392811
0.0382763
0.0360808
0.0369459
0.0365564
0.0341268
0.0340222
0.033068
0.0329744
0.0313137
0.0301703
0.0301969
0.0283671
0.0271874
0.0260602
0.0247581
0.0239228
0.0226098
0.0209768
0.020247
0.0205896
0.0189376
0.0175924
0.0170152
0.0163287
0.0155118
0.0142381
0.0147464
0.0127916
0.0128764
0.0133973
0.0107105
0.0121049
0.00905701
0.00859052
0.0119609
0.010148
0.00788955
0.0101822
0.006875
0.00479452
0.00372024
0.00797166
0.00497018
0.00256712
0.0182334
0.0260005
0.024205
0.0317388
0.025306
0.0300965
0.0285508
0.0315807
0.0318223
0.0299812
0.0336342
0.0294826
0.036036
0.0345119
0.0358939
0.037037
0.03692
0.0400972
0.0379455
0.0402217
0.0384878
0.0419703
0.0422421
0.0423136
0.0393865
0.0393603
0.0398186
0.0387138
0.0401731
0.0390773
0.0386896
0.0388529
0.0364269
0.0358886
0.03523
0.0339184
0.0335515
0.0329291
0.0320966
0.0309236
0.0292958
0.0291107
0.0276107
0.0266023
0.0246691
0.0243993
0.0227352
0.0219668
0.0206864
0.0199496
0.0182813
0.0174311
0.0165615
0.0154096
0.0135728
0.0139202
0.0144727
0.0124101
0.0110675
0.0118807
0.00905701
0.0104995
0.00833635
0.0105708
0.00443787
0.0096463
0.006875
0.00958904
0.00297619
0.0044287
0.00596421
0.00315542
0.0175569
0.0237063
0.0256289
0.0253911
0.0271728
0.0318001
0.0263824
0.0304412
0.0265686
0.0297123
0.0302955
0.0287943
0.035198
0.034887
0.0341035
0.0376518
0.037996
0.0337181
0.0351546
0.0371897
0.0377624
0.0383643
0.04052
0.0405815
0.0390803
0.0403469
0.0403975
0.0411192
0.043924
0.0408012
0.0390964
0.0390396
0.0383347
0.0396897
0.0359834
0.0358703
0.0359281
0.0338585
0.0328055
0.032977
0.0324193
0.030692
0.0298334
0.0292139
0.0277152
0.026507
0.0252143
0.0246202
0.0230181
0.0210351
0.0210496
0.0200216
0.0194918
0.0192845
0.0173487
0.0151994
0.0171331
0.0136793
0.0146376
0.0150191
0.0117208
0.011454
0.00906125
0.00887949
0.00641026
0.00857449
0.006875
0.00684932
0.00372024
0.00797166
0.0139165
0.00251364
0.0164777
0.0221769
0.0232558
0.0228973
0.0244762
0.0274465
0.0263824
0.0293016
0.0292705
0.0325356
0.0269568
0.0271883
0.0320553
0.0287911
0.0349561
0.0315814
0.033154
0.0363913
0.035745
0.0378529
0.0381464
0.0363197
0.0367044
0.0377977
0.0390525
0.0407623
0.0398669
0.0408469
0.0404288
0.0408423
0.0394451
0.0407199
0.040082
0.0389364
0.0394228
0.0389741
0.0371937
0.03616
0.036293
0.0356152
0.0340461
0.0327963
0.0315687
0.0309437
0.0300749
0.0286147
0.0277302
0.0263668
0.0261345
0.0241631
0.0239024
0.022247
0.0202353
0.0203659
0.0187264
0.0188864
0.0192615
0.0157947
0.0164227
0.0123291
0.0154502
0.013363
0.0137731
0.010148
0.00936884
0.0128617
0.01125
0.0130137
0.00669643
0.00620018
0.00596421
0.00331586
0.0143032
0.0214122
0.0196963
0.0199501
0.0221946
0.0272572
0.0267438
0.0293016
0.0282198
0.0275612
0.0281934
0.0308592
0.031741
0.0320735
0.0328246
0.0328108
0.0343645
0.0308627
0.0361743
0.0352473
0.0340502
0.0366171
0.0384265
0.0384163
0.0395535
0.0399315
0.0405904
0.0390542
0.0402157
0.0423816
0.0405882
0.0407573
0.0405991
0.0390733
0.0406512
0.0381902
0.038274
0.038255
0.0373988
0.0364583
0.0369614
0.035025
0.034552
0.0329222
0.0324774
0.0307024
0.0300617
0.0290119
0.0276665
0.0258909
0.0253709
0.0243966
0.0228303
0.0210567
0.021992
0.0220467
0.0196871
0.0180511
0.0191003
0.016364
0.0154502
0.0174992
0.0148605
0.0156448
0.0108481
0.0139335
0.009375
0.0130137
0.0111607
0.00974314
0.00994036
0.00310194
0.01382
0.0221769
0.0204082
0.023124
0.0176312
0.0217679
0.0222262
0.0253948
0.0241669
0.0236623
0.0252257
0.025238
0.026608
0.0263528
0.0303521
0.029814
0.0326833
0.0345079
0.0335444
0.0341577
0.0341782
0.0357993
0.0372109
0.0373647
0.0391638
0.0377505
0.0405181
0.0397349
0.0403649
0.04232
0.0420025
0.0399544
0.0425069
0.0410424
0.0407167
0.0405421
0.0387987
0.0396713
0.0392276
0.0385253
0.0378203
0.036681
0.0359308
0.0353077
0.033786
0.033322
0.0318404
0.0305318
0.0296619
0.0288326
0.0284094
0.0264911
0.0258773
0.0249617
0.0237779
0.0199398
0.0239438
0.0164998
0.0207069
0.0179332
0.0157166
0.0181355
0.0163103
0.0122622
0.0138067
0.0123258
0.01875
0.010274
0.014881
0.00974314
0.0149105
0.00427853
0.0125314
0.019118
0.0201709
0.0190433
0.0192906
0.0196858
0.0184315
0.0219762
0.0208646
0.0228556
0.0269568
0.0230584
0.0252462
0.0237269
0.0299258
0.0266636
0.0274378
0.0321385
0.028553
0.031931
0.0337515
0.0347212
0.0338004
0.0362512
0.0354896
0.0373092
0.0365386
0.0378288
0.038596
0.0400624
0.0387283
0.0399918
0.0389766
0.039724
0.0397831
0.041598
0.0420551
0.0400106
0.0394261
0.0393957
0.0389786
0.0389845
0.037678
0.0359408
0.035545
0.0346267
0.0350475
0.033857
0.0321879
0.0313504
0.0302662
0.0283927
0.0294782
0.0274248
0.0250026
0.0253574
0.0220283
0.0194613
0.0237415
0.0221923
0.0213106
0.0168629
0.0166727
0.0164905
0.0128205
0.0176849
0.013125
0.00547945
0.015625
0.00974314
0.0129225
0.00470639
0.0112589
0.0140199
0.0156621
0.0174564
0.0151421
0.0194965
0.0207806
0.0213251
0.0205644
0.0208389
0.0222579
0.0232878
0.0243034
0.0227891
0.0249808
0.0284309
0.0273705
0.0269137
0.0281773
0.0312678
0.0302526
0.0315242
0.0312342
0.0330343
0.0344319
0.0335705
0.0342233
0.0389634
0.0371681
0.0374559
0.0389414
0.039301
0.0400285
0.0398781
0.0403564
0.042014
0.0404192
0.0407188
0.0411132
0.0398444
0.041126
0.0392211
0.0390686
0.0381341
0.0381084
0.0380693
0.036393
0.0347051
0.0342506
0.0340159
0.0323931
0.0310039
0.0308632
0.0280256
0.0292887
0.0282919
0.0270299
0.0256663
0.0251696
0.0195024
0.02504
0.0197264
0.0246466
0.012685
0.0182446
0.0144695
0.021875
0.0130137
0.0119048
0.0106289
0.0168986
0.00540165
0.0102281
0.0142748
0.0149502
0.0136024
0.0143124
0.0162786
0.0133719
0.0180693
0.0196638
0.02057
0.0207741
0.0180108
0.0230463
0.0210072
0.0196948
0.0227447
0.0240753
0.0235115
0.0273186
0.0266724
0.0286738
0.0281041
0.0284315
0.0296938
0.0294773
0.0332589
0.0321733
0.0337214
0.0358254
0.0348699
0.0357641
0.0374526
0.0369439
0.0385939
0.0400124
0.0404141
0.0389839
0.0400549
0.0400074
0.0404836
0.0397204
0.0405533
0.0397937
0.0394456
0.039492
0.0380894
0.036992
0.0369891
0.0362759
0.0353005
0.0340417
0.0342559
0.0328605
0.0314199
0.0325033
0.0285177
0.0277748
0.0270766
0.0253481
0.0206232
0.02504
0.0248171
0.0221095
0.0219873
0.015286
0.0155413
0.02
0.019863
0.0126488
0.00974314
0.0178926
0.00598995
0.009616
0.0122355
0.0158994
0.015416
0.0161792
0.0102215
0.0168052
0.0166043
0.0159111
0.0180156
0.0159515
0.0193874
0.0164467
0.018944
0.0210589
0.020209
0.0220578
0.0233293
0.0222198
0.0252037
0.0236388
0.0256134
0.0274523
0.0287659
0.0293659
0.0315713
0.0294238
0.0309756
0.0305614
0.0322839
0.0351441
0.0348575
0.0373718
0.0368645
0.0377195
0.0383662
0.0369776
0.0389041
0.0405036
0.0409867
0.0407096
0.0402794
0.04059
0.0403048
0.0391166
0.0389626
0.0390471
0.0382739
0.0376061
0.0369704
0.0360561
0.035558
0.034712
0.032261
0.0333197
0.0318284
0.0308609
0.029333
0.0298108
0.0268998
0.0234417
0.0241807
0.0231968
0.0147992
0.0167653
0.0246517
0.018125
0.0157534
0.0141369
0.0141718
0.0149105
0.00684565
0.00824689
0.00892174
0.0116279
0.0111086
0.0168015
0.0128715
0.015721
0.013023
0.0147103
0.0164023
0.014344
0.0182402
0.0143516
0.0179124
0.0175633
0.0182112
0.0196369
0.0196841
0.0209317
0.0198503
0.0224868
0.0233086
0.0236704
0.0224869
0.0258865
0.0262748
0.0275667
0.0278667
0.0288351
0.030642
0.0312694
0.0321876
0.034947
0.0348783
0.0345093
0.0355183
0.0381196
0.0374731
0.0387314
0.0381854
0.0401239
0.0391339
0.0409704
0.0417745
0.0395993
0.0406889
0.0392498
0.0404319
0.0388617
0.0379853
0.0379129
0.0373769
0.03703
0.0350245
0.0351566
0.0348382
0.0318187
0.0339867
0.0332024
0.0295898
0.0293021
0.0314986
0.0282711
0.022833
0.0216963
0.0219721
0.016875
0.0267123
0.0193452
0.0150576
0.0218688
0.00738047
0.00734489
0.0117257
0.0118652
0.0106552
0.0132753
0.0109786
0.0124684
0.0177438
0.0109577
0.0139823
0.0155806
0.0149134
0.013723
0.0181
0.0156876
0.0185954
0.0160726
0.0169502
0.0196436
0.0196608
0.0198839
0.0197398
0.0217457
0.0218373
0.0240216
0.024042
0.0250344
0.0253024
0.0276629
0.0274198
0.0283246
0.0300032
0.0305073
0.032036
0.0339197
0.0339824
0.0353263
0.0371042
0.0369735
0.0365671
0.0386663
0.0378514
0.0395084
0.039276
0.0396744
0.0400666
0.0399502
0.0383243
0.0395492
0.0397066
0.0393984
0.0388789
0.0391148
0.0363462
0.03781
0.0356659
0.0349048
0.0344098
0.0280257
0.0396772
0.0298348
0.0241807
0.0293585
0.0262156
0.0335306
0.0257235
0.023125
0.019863
0.015625
0.0310009
0.0159046
0.00855706
0.00653953
0.00943156
0.00925486
0.0104285
0.0128604
0.00946432
0.0108421
0.0105811
0.00915641
0.0118311
0.0116236
0.0119307
0.0130945
0.0120979
0.0143235
0.0149839
0.0160726
0.0144593
0.0170137
0.0164393
0.0180065
0.0183271
0.0178626
0.0204145
0.0183433
0.0199138
0.0224055
0.0212631
0.0230382
0.0248543
0.0267165
0.0268106
0.0290095
0.029091
0.0290881
0.0307185
0.0328724
0.0335782
0.034606
0.0348673
0.036649
0.0376647
0.0374759
0.0390273
0.0382157
0.0385411
0.0394894
0.0401884
0.0396912
0.0389358
0.0391002
0.0401673
0.0393043
0.037758
0.0364833
0.0358164
0.0355433
0.035256
0.035166
0.0302623
0.0359616
0.0314986
0.0300834
0.030444
0.0335306
0.0305466
0.029375
0.0280822
0.0238095
0.0168291
0.0208748
0.00946625
0.00615295
0.00713739
0.00854295
0.00838812
0.00933416
0.00757146
0.0106614
0.00993
0.00855599
0.0102178
0.0102634
0.00975106
0.0116279
0.0131295
0.0123625
0.0120639
0.0112307
0.0143985
0.0147059
0.0127914
0.015233
0.0148699
0.0155664
0.0172595
0.0177587
0.0178108
0.0192702
0.0206731
0.0208644
0.0212421
0.0238298
0.0243274
0.0273335
0.0266596
0.02822
0.0279507
0.0302951
0.0321177
0.0327913
0.0322291
0.0345407
0.0342033
0.0361804
0.0377949
0.0383122
0.0378686
0.0382545
0.0395251
0.0392428
0.0393919
0.0392352
0.0401811
0.0385316
0.0374876
0.0411777
0.0366441
0.0389486
0.0370893
0.0324884
0.0329523
0.0314331
0.0334076
0.0297209
0.043129
0.0335306
0.0246517
0.025
0.0294521
0.0186012
0.0274579
0.0188867
0.0103754
0.00473552
0.00790212
0.00806834
0.007708
0.00974901
0.00757146
0.00885435
0.00716262
0.0102071
0.00806668
0.00741931
0.0100952
0.0111041
0.0119103
0.0112542
0.0112955
0.0110289
0.0113609
0.0126664
0.0117017
0.0126728
0.0144238
0.0138106
0.0137952
0.0157824
0.0149808
0.0164966
0.0164068
0.0168151
0.0183893
0.0202263
0.0211161
0.0218953
0.0247761
0.0245349
0.0256788
0.0283814
0.0281786
0.0294739
0.0309644
0.0319377
0.033257
0.0338864
0.0353981
0.0359311
0.0376478
0.0385126
0.0373586
0.0383086
0.0394882
0.0391958
0.0404015
0.0396542
0.0397104
0.0388305
0.0382242
0.0357561
0.0372303
0.0382006
0.0363147
0.0375599
0.0384983
0.0337079
0.032981
0.0290927
0.0359057
0.03
0.0315068
0.0290179
0.0248007
0.0328032
0.0113916
0.00455834
0.00688249
0.005458
0.00544094
0.0056005
0.00511073
0.00704734
0.00862771
0.00630441
0.00847002
0.00680104
0.00653895
0.00911376
0.00881553
0.0101458
0.00891348
0.00981843
0.00905225
0.00992915
0.0108016
0.0106247
0.0115242
0.0118183
0.0130838
0.0128598
0.0129557
0.015339
0.0151134
0.0161971
0.0166243
0.0179208
0.018689
0.01931
0.020838
0.0228151
0.0239509
0.0255726
0.0266295
0.0266101
0.028843
0.0279683
0.0315512
0.032579
0.0332387
0.0344724
0.0344059
0.0356833
0.0371067
0.0369858
0.0380045
0.0382618
0.0392303
0.0386191
0.0412724
0.0376569
0.0392024
0.040332
0.0377944
0.0390932
0.0390047
0.0356953
0.0365892
0.0387822
0.032981
0.0345168
0.0310825
0.0275
0.0410959
0.0334821
0.0327724
0.0318091
0.0133169
0.00381741
0.00433342
0.0056953
0.00657447
0.00580792
0.00662502
0.00614384
0.00504639
0.0060042
0.0077978
0.00692469
0.00665367
0.00754243
0.00731501
0.00656492
0.00729983
0.00746469
0.00856622
0.00917776
0.00833807
0.00900324
0.00933086
0.00975857
0.0106403
0.010466
0.0107228
0.0120107
0.0120952
0.0134478
0.0145514
0.016119
0.0161685
0.0165998
0.0184751
0.0197032
0.021263
0.0223162
0.0236936
0.0243418
0.0263408
0.0267449
0.0275793
0.0282763
0.0306837
0.0317159
0.0328904
0.0337941
0.0344784
0.0365598
0.0363153
0.0369733
0.0379626
0.0371029
0.0376678
0.0376059
0.040933
0.0374588
0.0407559
0.0378436
0.0385564
0.0370272
0.0308622
0.0373324
0.0401691
0.0350099
0.034298
0.029375
0.030137
0.0327381
0.0372011
0.0347913
0.014547
0.00373687
0.00586286
0.00379687
0.00317388
0.00539307
0.00530002
0.00397542
0.00390689
0.00435305
0.00564668
0.00494621
0.00665367
0.00607584
0.0058145
0.00673544
0.00537882
0.00585071
0.00765492
0.00729927
0.00881182
0.00742448
0.00776952
0.00796893
0.00828951
0.00951957
0.0088275
0.0105636
0.0105067
0.0118068
0.012499
0.0138329
0.0153657
0.014371
0.0155643
0.0170663
0.0181271
0.0199395
0.0214364
0.0221869
0.0227236
0.0246496
0.0247404
0.0270877
0.0266475
0.0283373
0.0304414
0.0311492
0.0326814
0.03372
0.0343756
0.0355722
0.0349931
0.0373508
0.036977
0.0391366
0.0396539
0.0368203
0.0397687
0.0389147
0.0401255
0.0386255
0.0384983
0.0373324
0.0452431
0.0399408
0.0321543
0.048125
0.0349315
0.0327381
0.0283437
0.0248509
0.0158306
0.0029154
0.0035687
0.00355956
0.00634777
0.00497822
0.00359644
0.00578244
0.00423246
0.00390273
0.00551223
0.0046989
0.00527704
0.00565682
0.00487668
0.00511553
0.00637775
0.0061197
0.00492102
0.00499141
0.00720106
0.00546168
0.00724907
0.00756373
0.00763996
0.00809998
0.00836016
0.00877891
0.00855515
0.00946251
0.00999507
0.0108106
0.0123037
0.0118213
0.0137322
0.0154612
0.0161112
0.0177171
0.0184415
0.0195358
0.0201262
0.022372
0.0223996
0.0241044
0.0258561
0.0259991
0.0269888
0.0281817
0.0293898
0.030626
0.0324872
0.0336197
0.0333602
0.0357762
0.0358956
0.0368915
0.0343115
0.0395871
0.0377944
0.0430203
0.0392289
0.0359616
0.0410436
0.0416818
0.0473573
0.0374753
0.0353698
0.038125
0.0479452
0.0446429
0.0363153
0.0318091
0.0161515
0.00238387
0.00331379
0.00261035
0.00498753
0.00394109
0.00435359
0.00361402
0.00390689
0.00420294
0.00551223
0.00346235
0.00401514
0.00471402
0.0042202
0.00613863
0.00391886
0.00490921
0.00486027
0.00525977
0.00521129
0.00558969
0.00513011
0.0055715
0.00634086
0.0067639
0.00617925
0.00747655
0.00696666
0.00852479
0.00843527
0.00988066
0.010026
0.010805
0.010907
0.0121364
0.0140953
0.0151707
0.0151073
0.0159065
0.0178008
0.0182855
0.0203327
0.0216559
0.0215713
0.0238754
0.0248409
0.0262833
0.0280295
0.0283316
0.0299566
0.030722
0.0313484
0.0325106
0.0347241
0.0362792
0.0355907
0.0386293
0.0372303
0.0357015
0.0369872
0.0386255
0.0394528
0.0369699
0.0477801
0.0443787
0.0391211
0.0425
0.0315068
0.0379464
0.0327724
0.0387674
0.0173281
0.00228722
0.00280398
0.00189843
0.00204035
0.00373367
0.00378573
0.00271052
0.00325574
0.00450315
0.00228556
0.00383331
0.00344155
0.00366646
0.00384507
0.00306932
0.00307361
0.00403497
0.00388821
0.00434736
0.00431116
0.00465096
0.00509294
0.00479487
0.00510362
0.00425875
0.00506283
0.00578829
0.00662627
0.00703295
0.0069986
0.00745893
0.00899909
0.00898636
0.00986251
0.0103512
0.0114075
0.0123156
0.0140155
0.01378
0.0156522
0.0159819
0.0181786
0.0190529
0.0191292
0.0217517
0.0228838
0.0238135
0.0241248
0.0260821
0.0269635
0.0283587
0.0298602
0.0303967
0.0321108
0.0302582
0.0337848
0.0380973
0.0351149
0.0346305
0.0443847
0.0364944
0.0372256
0.0442189
0.0342495
0.0359961
0.0310825
0.0325
0.0390411
0.0334821
0.0389725
0.0487078
0.0201626
0.00194897
0.00178435
0.00379687
0.00181365
0.00145198
0.00227144
0.00216841
0.0037441
0.00270189
0.00322667
0.00234945
0.00355627
0.00293317
0.00290725
0.00213147
0.00299677
0.00295898
0.00400972
0.00354229
0.00364791
0.00375491
0.00423792
0.00357927
0.00454686
0.00411958
0.00454357
0.00434122
0.00485624
0.00532799
0.00593137
0.00631587
0.00758014
0.00772042
0.00832149
0.00997445
0.00943955
0.0106488
0.0116993
0.0131846
0.0135444
0.0143551
0.0162612
0.0165688
0.0160654
0.0184268
0.020214
0.0209842
0.0221767
0.0229134
0.0244136
0.0258436
0.0262086
0.0279766
0.029167
0.0295438
0.0320542
0.030116
0.035538
0.0326669
0.0336247
0.0399574
0.0346802
0.0322581
0.035518
0.0478304
0.0412647
0.045625
0.0308219
0.0416667
0.0354296
0.0298211
0.0202695
0.00217447
0.00229416
0.00284765
0.00181365
0.00186683
0.001325
0.00234911
0.00276738
0.002852
0.00268889
0.0024731
0.00275324
0.00240939
0.00337616
0.00230199
0.00330413
0.00255548
0.00352369
0.0031666
0.00293727
0.00277351
0.0032342
0.00341043
0.00330962
0.00364638
0.00376467
0.00395533
0.00453854
0.00417715
0.00480256
0.0054828
0.00595583
0.00631185
0.0067976
0.00738666
0.00844759
0.00864251
0.0101207
0.0101365
0.0108246
0.0123768
0.0129367
0.0143105
0.0155001
0.0164854
0.0178554
0.018625
0.0198507
0.0207312
0.0227179
0.0231709
0.0243277
0.0249734
0.0282659
0.0280641
0.0274643
0.0316058
0.0345508
0.0335594
0.0342972
0.0356953
0.0299077
0.0358826
0.0393235
0.0364892
0.0450161
0.03875
0.0390411
0.0431548
0.0451727
0.0437376
0.0212857
0.0015624
0.00127453
0.00142383
0.00204035
0.00269654
0.00151429
0.00162631
0.00113951
0.00255179
0.00174778
0.00296773
0.00275324
0.00240939
0.00290725
0.0024725
0.00192101
0.00221923
0.00249089
0.00268356
0.0027004
0.00281618
0.00230483
0.0027351
0.00256727
0.00311752
0.00332329
0.00356945
0.00358545
0.00366566
0.0042279
0.00461097
0.00474226
0.00483195
0.00650652
0.00581433
0.00665568
0.00716094
0.00814375
0.00911578
0.00909758
0.0100342
0.0118784
0.0120165
0.0130468
0.0140614
0.0148644
0.0164501
0.0175079
0.018265
0.0201038
0.0206107
0.022309
0.0228012
0.0240305
0.0276049
0.02769
0.0292647
0.0282048
0.0315959
0.0345214
0.0354289
0.0327712
0.0358826
0.0334038
0.0488166
0.0359057
0.03
0.0376712
0.0446429
0.0416298
0.0467197
0.0242807
0.00146576
0.00178435
0.00166113
0.00136024
0.00124456
0.00227144
0.00144561
0.00146508
0.00180126
0.00134445
0.00173117
0.00160606
0.00157134
0.00187564
0.00170518
0.00176733
0.00235373
0.00188335
0.0020395
0.00213189
0.00196279
0.00197026
0.00199223
0.00272193
0.00205979
0.00290788
0.00272532
0.0031089
0.00300499
0.00340695
0.00335167
0.0042755
0.00422573
0.00491413
0.00565055
0.00585572
0.00637385
0.0064914
0.00734366
0.00796889
0.00913622
0.00998581
0.00973447
0.0114979
0.0124096
0.0138306
0.0139434
0.0147285
0.0163069
0.0175025
0.0185288
0.0198425
0.0213287
0.0221982
0.0228084
0.0238525
0.0234117
0.0272176
0.0237415
0.0262273
0.0263719
0.0318167
0.0286336
0.0312896
0.0340237
0.0348339
0.0375
0.0287671
0.0401786
0.040744
0.0457256
0.026206
0.00125636
0.00178435
0.00142383
0.00226706
0.00186683
0.00246072
0.00144561
0.00162787
0.00105074
0.00161334
0.00136021
0.00103247
0.00188561
0.00150052
0.00204621
0.00161365
0.00181574
0.00218712
0.00193216
0.00180027
0.00213347
0.00193309
0.00148573
0.00216517
0.00194845
0.00194724
0.00272532
0.00238274
0.00313286
0.00297595
0.00308044
0.00365938
0.00356602
0.00419499
0.00465147
0.00470377
0.00535527
0.00531114
0.00649305
0.00745213
0.00783477
0.00699753
0.00916395
0.00949678
0.0102645
0.0108397
0.0119897
0.0132338
0.0142817
0.0151389
0.0162331
0.0173415
0.0172175
0.0201856
0.0196959
0.0234011
0.021177
0.0263715
0.0226705
0.0253306
0.0380927
0.0295896
0.028996
0.032981
0.035503
0.0412647
0.0225
0.0376712
0.0357143
0.0398583
0.0228628
0.0250294
0.000966433
0.000764721
0.00166113
0.000680118
0.00103713
0.001325
0.000722804
0.00227902
0.00120084
0.00121
0.00173117
0.00229437
0.00167609
0.00178186
0.00204621
0.00107576
0.00188299
0.00176185
0.0016638
0.00170551
0.0015361
0.00159851
0.00185717
0.0012991
0.00186494
0.00179146
0.00212237
0.00224658
0.00187545
0.00205238
0.00263484
0.00304326
0.0029063
0.00263685
0.00332482
0.00390381
0.00446015
0.00451447
0.005288
0.0055483
0.00615589
0.00647459
0.00740485
0.00783485
0.0088058
0.0090431
0.0105152
0.0114956
0.012361
0.0130064
0.0139768
0.0146063
0.0162699
0.0179929
0.0185223
0.0170053
0.0214962
0.0200254
0.0219564
0.0208473
0.0277038
0.0283169
0.0221095
0.0262156
0.0300789
0.0230439
0.026875
0.030137
0.0342262
0.0398583
0.0337972
0.0252968
0.00107918
0.00101963
0.00118652
0.000680118
0.00124456
0.00208215
0.00216841
0.00195344
0.00090063
0.00121
0.00136021
0.0012619
0.00104756
0.000656476
0.00153466
0.00192101
0.00107599
0.00109356
0.00118076
0.00161076
0.00106673
0.00137546
0.00118183
0.00148469
0.00147525
0.00173954
0.00149531
0.00183811
0.00172627
0.00194976
0.00191801
0.00171767
0.00263885
0.00249987
0.00307914
0.00311985
0.00327181
0.00385058
0.00477763
0.00508594
0.00499759
0.00602635
0.00629947
0.00693039
0.0072184
0.00824016
0.00927103
0.00936275
0.0103581
0.0112337
0.0123057
0.0131181
0.0134853
0.014929
0.015869
0.0176072
0.0176652
0.0194613
0.0210639
0.0235373
0.018114
0.0235444
0.0242842
0.0249471
0.0276134
0.0273312
0.025
0.0356164
0.0297619
0.0336581
0.0318091
0.0270082
0.00117583
0.000764721
0.000949217
0.000453412
0.00103713
0.000946432
0.00126491
0.0024418
0.00060042
0.000672224
0.00173117
0.00068831
0.000942803
0.00084404
0.00110836
0.0011526
0.00147949
0.00072904
0.00101975
0.000994883
0.00115207
0.000929368
0.0011143
0.00111352
0.00125257
0.00114238
0.00110942
0.00161118
0.00153446
0.00174452
0.00166615
0.00164299
0.00226442
0.00196908
0.00289898
0.00281586
0.00271622
0.00303915
0.00387031
0.00388925
0.00403451
0.00455711
0.0054437
0.00546065
0.00594204
0.00678483
0.00721592
0.00799402
0.00853462
0.0094353
0.0106345
0.0113819
0.0119254
0.0135772
0.0134708
0.0152746
0.0171331
0.0164998
0.0208854
0.021744
0.0175812
0.0248171
0.021747
0.02537
0.0246548
0.0246517
0.0325
0.0232877
0.031994
0.0256864
0.026839
0.0267943
0.00101475
0.000764721
0.00142383
0.000680118
0.00124456
0.000378573
0.000361402
0.000813935
0.00135095
0.00134445
0.000865587
0.00183549
0.000942803
0.000562693
0.00119362
0.000384202
0.000806994
0.00115431
0.000697724
0.000852757
0.00106673
0.000855019
0.0007091
0.000866069
0.00094639
0.000778897
0.00127825
0.000975787
0.00102297
0.00158033
0.00123993
0.00123224
0.0018365
0.00186634
0.00216195
0.00254388
0.00231496
0.0030244
0.00282121
0.00295094
0.00394341
0.00397191
0.00421946
0.004771
0.00489092
0.0055202
0.00683808
0.0066085
0.00747339
0.00828559
0.00894651
0.00925983
0.0102489
0.0104232
0.011889
0.0124906
0.013515
0.0132562
0.0164227
0.0195024
0.0162493
0.017181
0.0177601
0.0215645
0.0216963
0.0289389
0.02875
0.0273973
0.0297619
0.0265722
0.0328032
0.0255107
0.000628181
0.00101963
0.000474608
0.00113353
0.000829703
0.000757146
0.00162631
0.0013023
0.000750525
0.00107556
0.000989242
0.00068831
0.000628536
0.00150052
0.000937846
0.000768403
0.00114324
0.000789793
0.000590382
0.000805382
0.000981396
0.000594796
0.000675333
0.000927931
0.000807215
0.000726971
0.000820008
0.000953094
0.000916414
0.00112881
0.00133679
0.00128825
0.00160471
0.00135267
0.00134303
0.0019839
0.00199086
0.0021097
0.00242426
0.00258377
0.00320158
0.00329955
0.00353008
0.00369696
0.00448334
0.00490796
0.00481062
0.00585277
0.00606092
0.00700742
0.00720222
0.00790255
0.00847025
0.00922171
0.0113277
0.0122649
0.0106417
0.0126921
0.0137451
0.0116566
0.0138519
0.0155902
0.0173976
0.0147992
0.0167653
0.0187567
0.02125
0.0219178
0.0238095
0.020372
0.0228628
0.0271152
0.000757039
0.000509814
0.000237304
0.000680118
0.000829703
0.000189286
0.000903506
0.000325574
0.00060042
0.000672224
0.000865587
0.000229437
0.000628536
0.000750258
0.000511553
0.000614723
0.000268998
0.000486027
0.000858738
0.000331628
0.000640041
0.000966543
0.000641567
0.000989793
0.00061237
0.000701007
0.000506476
0.000975787
0.000937726
0.000985141
0.000852449
0.00123224
0.0013016
0.00135267
0.00124476
0.00166392
0.00165134
0.0018589
0.00204148
0.00201262
0.00235564
0.00254003
0.00285259
0.00364043
0.0035073
0.00373367
0.0042761
0.00450923
0.00513422
0.00581918
0.00578428
0.00692421
0.00763926
0.00835061
0.00862333
0.00993228
0.0111738
0.0101537
0.00946091
0.0123291
0.0127864
0.015272
0.0224719
0.0194503
0.0157791
0.0187567
0.024375
0.0246575
0.0282738
0.0186005
0.0298211
0.026313
0.000612074
0.000764721
0
0.000680118
0.000207426
0
0.000180701
0.000325574
0.00030021
0.000134445
0.000865587
0.000458873
0.000733291
0.000937822
0.000511553
0.000153681
0.000605245
0.00018226
0.00048304
0.000284252
0.000426694
0.000297398
0.000574033
0.000525827
0.00027835
0.000493301
0.000723537
0.000726167
0.000767231
0.000677284
0.000736206
0.00108288
0.00126594
0.00104447
0.00114649
0.000991952
0.00117291
0.00125402
0.00167288
0.00179504
0.00206932
0.00236571
0.00276939
0.00272467
0.00270288
0.00343256
0.00338218
0.00409778
0.00428973
0.0045924
0.00520473
0.00556692
0.00580234
0.00756961
0.00673538
0.00955606
0.00766202
0.0100127
0.00910389
0.0116566
0.0154502
0.0139994
0.0130482
0.012685
0.0123274
0.0139335
0.02375
0.0150685
0.0193452
0.0265722
0.0258449
0.0254038
0.000467109
0.00101963
0.00118652
0.000680118
0.000622278
0.000567859
0.000542103
0.000325574
0.000450315
0.000403334
0.000741931
0.000229437
0.000733291
0.000750258
0.000596811
0.000230521
0.000874243
0.00036452
0.000429369
0.000473754
0.000213347
0.000334572
0.000438967
0.000556758
0.000417525
0.000467338
0.000410004
0.000612703
0.000490175
0.000451523
0.000542467
0.000560109
0.000891504
0.000719141
0.000868056
0.00111995
0.00109575
0.000988463
0.00136099
0.00135988
0.00162682
0.0017058
0.00210379
0.00221592
0.00258489
0.0027601
0.00301355
0.00340082
0.00376659
0.00402718
0.0045464
0.00498129
0.0051463
0.00639813
0.0061741
0.00677201
0.00723635
0.00902553
0.00821135
0.0082941
0.0111881
0.013363
0.00906125
0.0160677
0.010355
0.0160772
0.023125
0.0136986
0.016369
0.023915
0.0188867
0.0250294
0.000354359
0.000254907
0.000711913
0.000453412
0.000414852
0.000946432
0.000542103
0.000651148
0.000450315
0.000403334
0.000123655
0.000114718
0.000733291
9.37822e-05
0.000767329
0.000384202
0.000336247
0.00018226
0.000644053
0.000426379
0.000469363
0.000408922
0.000337667
0.00061862
0.00033402
0.000493301
0.000410004
0.000521933
0.000255744
0.000348904
0.000581215
0.000560109
0.000606223
0.000650652
0.000589623
0.000863959
0.000987715
0.00113599
0.00097821
0.0010607
0.0014316
0.00138208
0.00165213
0.00194458
0.00231675
0.00216793
0.00242374
0.00273745
0.00301925
0.00329497
0.00360674
0.00412696
0.00444652
0.00495629
0.00581692
0.00526712
0.00670427
0.005923
0.00660478
0.00694911
0.00665956
0.0120904
0.011236
0.0109937
0.0123274
0.0107181
0.0125
0.0143836
0.0126488
0.0141718
0.0188867
0.0254038
0.000467109
0.000509814
0.000474608
0.000226706
0.000414852
0.000378573
0.000180701
0.000162787
0.000750525
0.000134445
0.000865587
0.000573592
0.000209512
0.000281347
0.000596811
0.000461042
0.000268998
0.000486027
0.000375698
0.000284252
0.000213347
0.000594796
0.0002026
0.00030931
0.00033402
0.000467338
0.00045824
0.000385776
0.000490175
0.000574665
0.000464972
0.000504098
0.000534902
0.000650652
0.00072065
0.000719965
0.000787086
0.000767165
0.00107745
0.000870322
0.00105418
0.00140698
0.0014263
0.00134538
0.00178047
0.00198727
0.00201825
0.00235118
0.00251106
0.00262698
0.00293153
0.00347244
0.00330938
0.00360458
0.00561282
0.00504138
0.00585293
0.00691017
0.00678329
0.00425913
0.00692595
0.00922685
0.0086988
0.0105708
0.00739645
0.0107181
0.010625
0.0143836
0.015625
0.0150576
0.00894632
0.0223019
0.000370466
0.000254907
0.000711913
0.000453412
0.000414852
0.000378573
0.000180701
0.000325574
0.000450315
0.000134445
0.000494621
0.000229437
0.000419024
0.000468911
0
0.000537882
0.000336247
0.000303767
5.36711e-05
0.000284252
0.000170678
0.000334572
0.000371433
0.000216517
0.00033402
0.000363485
0.00033765
0.000363083
0.000298368
0.00032838
0.000348729
0.000354736
0.000463582
0.000393815
0.000540487
0.000703966
0.000694487
0.000722906
0.000708848
0.000992711
0.000832932
0.00134472
0.00104595
0.00113057
0.00136216
0.00152558
0.00133628
0.00189774
0.00211497
0.00231226
0.0025264
0.00270078
0.00307612
0.0041753
0.00387795
0.00549285
0.00351176
0.00507686
0.00678329
0.00605245
0.00719233
0.00668151
0.0108735
0.005074
0.010355
0.0091104
0.01
0.0143836
0.0141369
0.00708592
0.0159046
0.0235319
0.000338251
0.000254907
0.00118652
0.000453412
0.000207426
0.000567859
0.000542103
0
0.000150105
0.000134445
0.000123655
0
0.000314268
0.000281347
0.000596811
0.000307361
0.000403497
0.00036452
0.000268356
0.000189502
0.000256016
0.000297398
0.000168833
0.000340241
0.00011134
0.000181743
0.000265297
0.000317698
0.000362303
0.000287333
0.000271234
0.000466758
0.000356602
0.000342448
0.000573244
0.000447978
0.000586456
0.000663893
0.000581255
0.000720735
0.00074183
0.000834226
0.000950864
0.000881844
0.001212
0.00110404
0.00131785
0.00160384
0.00164415
0.00181769
0.00190746
0.00197047
0.0023326
0.00327416
0.00295949
0.00421369
0.00255401
0.00380764
0.00428418
0.00358664
0.00559403
0.00540885
0.00616165
0.010148
0.00690335
0.011254
0.01
0.00753425
0.00967262
0.0186005
0.00695825
0.0226227
0.000241608
0.000254907
0.000237304
0.000226706
0.000207426
0.000378573
0.000180701
0.000488361
0.00030021
0.000268889
0.000370966
0.000573592
0.000104756
0.000281347
8.52588e-05
0.000230521
0.000268998
6.07533e-05
0.000214684
0.000236877
8.53388e-05
0.000223048
0.0001013
9.27931e-05
0.000194845
0.000207706
0.000168825
0.000113464
0.000191808
0.000266809
0.000329355
0.000280055
0.000427922
0.000291081
0.000343947
0.000351983
0.000509291
0.000545868
0.000396955
0.000421562
0.000520583
0.000834226
0.00059429
0.000859233
0.00102967
0.000833049
0.00120726
0.00133514
0.00131532
0.0015672
0.00165426
0.00212893
0.00204102
0.00249317
0.0023982
0.00248307
0.00244759
0.00155126
0.00249911
0.00515579
0.00372936
0.00349984
0.0043494
0.0038055
0.00443787
0.0091104
0.005
0.0109589
0.00967262
0.0106289
0.00994036
0.0214996
0.000273823
0
0
0
0.00124456
0
0
0.000325574
0
0.000134445
0.00024731
0.000573592
0.000104756
9.37822e-05
0.000426294
0.000230521
6.72495e-05
0.000243013
0.000268356
0.000331628
8.53388e-05
0.000111524
0.0003039
0.000216517
0.00011134
0.000207706
0.000144707
0.000204234
0.000170496
0.000123143
0.000232486
0.000242714
0.000303111
0.000376693
0.000327568
0.000239988
0.000262362
0.000398336
0.000396955
0.000503155
0.000637714
0.000522947
0.000701262
0.000678342
0.000579188
0.000973563
0.00122569
0.00108322
0.00120322
0.00130386
0.00138418
0.00152953
0.00163282
0.00204259
0.00234718
0.00225734
0.00255401
0.00211536
0.00428418
0.00291414
0.00372936
0.00477251
0.0050743
0.00465116
0.00641026
0.00482315
0.009375
0.00616438
0.00446429
0.0044287
0.00994036
0.0196278
0.000128858
0.000254907
0.000949217
0.000226706
0.000414852
0
0.000180701
0
0.000450315
0.000268889
0.00024731
0.000114718
0.000104756
0.000187564
0.000255776
0.000384202
0.000268998
0.000303767
0.000268356
9.47508e-05
4.26694e-05
0
0.0001013
6.1862e-05
0.00011134
0.000155779
0.000168825
0.000158849
8.52479e-05
0.000102619
0.000309981
0.000168033
0.000178301
0.000273959
0.000180162
0.000239988
0.00020063
0.000177038
0.000396955
0.000489556
0.000364408
0.000510496
0.000463546
0.00065573
0.000643542
0.000792902
0.00086628
0.00094887
0.00115838
0.00103409
0.00129978
0.00130905
0.00150161
0.00156198
0.00168385
0.0020316
0.00202192
0.00183331
0.00214209
0.00201748
0.00293021
0.001909
0.00398695
0.002537
0.00295858
0.00482315
0.00625
0.00342466
0.00818452
0.00974314
0.00695825
0.0196278
0.000338251
0
0
0.000226706
0.000414852
0.000378573
0
0
0.000150105
0.000268889
0
0.000114718
0.000104756
9.37822e-05
0.000255776
7.68403e-05
0.000134499
0.00036452
0.000161013
9.47508e-05
0.000128008
0.000260223
0.000135067
6.1862e-05
0.00016701
0.000233669
9.64716e-05
0.000295005
0.000191808
0.00016419
0.000193738
0.000149362
7.13203e-05
0.000136979
0.000196541
0.000223989
0.000293228
0.00028031
0.000297716
0.000394365
0.000403451
0.000373534
0.000522975
0.000373088
0.000504108
0.000622278
0.000810985
0.000705355
0.000762286
0.000886365
0.00102969
0.000916338
0.000991355
0.00123156
0.00147974
0.00142965
0.00159625
0.00225638
0.00249911
0.00291414
0.00293021
0.00318167
0.0043494
0.0038055
0.00345168
0.00428725
0.00375
0.00410959
0.00520833
0.0044287
0.00497018
0.0182372
0.0022389
0.00127453
0.00284765
0.00158694
0.00477079
0.00246072
0.00180701
0.0013023
0.00165116
0.00188223
0.00123655
0.00137662
0.00146658
0.00178186
0.0014494
0.00107576
0.000874243
0.00127582
0.00161013
0.000710631
0.00170678
0.00118959
0.00118183
0.000989793
0.00100206
0.000908713
0.00091648
0.000907709
0.000959038
0.000985141
0.0012593
0.00113889
0.00119462
0.00142116
0.00119562
0.00124794
0.00148157
0.00162285
0.00170123
0.00165905
0.00182204
0.00209179
0.0020919
0.00272467
0.00315336
0.00343256
0.00306884
0.00385426
0.0044392
0.00493924
0.00516534
0.00579429
0.00605018
0.00636809
0.00709256
0.00842739
0.00872619
0.00958962
0.0124955
0.0130016
0.00879062
0.015272
0.0141356
0.015222
0.0182446
0.0235798
0.026875
0.0253425
0.0290179
0.0310009
0.0298211
0.292491
