6.984003e-06
-6.211061e-06
-6.707978e-06
-4.591993e-06
-3.343472e-06
-5.241104e-06
-5.545803e-06
-4.072061e-06
-4.240652e-06
-2.461681e-06
-2.920463e-06
-1.755358e-06
-1.298376e-06
-2.875881e-06
-1.826447e-08
-1.021772e-06
4.028116e-08
-6.519623e-07
6.677901e-07
-1.392728e-08
4.315002e-07
1.587915e-06
5.758354e-07
9.663539e-07
8.860690e-07
3.608286e-07
5.663003e-07
9.096286e-07
8.131253e-07
8.674907e-07
2.261484e-07
7.483094e-07
7.833828e-07
8.339652e-07
5.574905e-07
4.966861e-07
1.181765e-08
7.204710e-07
4.179574e-07
2.093439e-07
6.516985e-07
5.245689e-07
2.847350e-07
5.344714e-07
7.404512e-07
7.275999e-07
4.307703e-07
2.135891e-07
2.780392e-07
1.954234e-07
-5.328379e-09
4.112766e-07
-1.843038e-07
6.209732e-07
-3.088372e-07
9.618061e-07
2.739989e-07
-8.831769e-07
6.435054e-07
7.702375e-07
7.678465e-07
7.244843e-07
2.552260e-06
6.627789e-07
6.834505e-07
1.950762e-06
-7.007974e-07
-1.277023e-06
1.806838e-07
-1.785497e-07
-6.216817e-06
7.986814e-08
-6.211061e-06
1.354521e-04
1.336939e-05
2.813865e-06
-1.500998e-06
4.911537e-06
-1.863176e-08
3.118478e-06
-3.319814e-06
-2.462593e-06
2.244937e-06
-5.722625e-06
1.580064e-06
-3.722870e-07
-5.676713e-06
3.531397e-06
-1.434596e-06
-8.192374e-07
-3.144553e-06
3.718177e-06
4.814403e-07
1.833433e-06
-5.871009e-07
2.168267e-06
-5.592419e-07
1.440587e-06
1.336583e-06
1.762962e-07
1.487607e-07
1.901935e-06
7.314308e-08
1.129853e-06
3.978134e-07
2.634485e-07
6.903236e-07
1.136560e-06
1.142716e-06
-1.392268e-06
-1.932249e-07
-1.915463e-07
9.303278e-07
5.132863e-07
9.040131e-08
6.648339e-07
3.897789e-07
-2.200357e-07
2.586159e-07
-2.026877e-07
1.932218e-07
2.382085e-06
1.937916e-06
-4.916254e-07
-4.073161e-07
2.312283e-06
4.798038e-06
3.430410e-06
8.246182e-07
-2.658752e-07
-8.324964e-07
3.781516e-07
-1.999649e-06
-6.148247e-06
-1.241865e-06
1.069103e-06
-4.910884e-06
-3.204037e-06
3.991777e-06
-1.861903e-05
-3.746668e-07
-9.576172e-06
-9.195702e-06
6.479348e-07
-6.707978e-06
1.336939e-05
1.265252e-04
-6.766949e-06
3.689836e-06
-1.779693e-06
1.035602e-05
-2.593336e-06
3.470330e-06
-2.016257e-06
-8.952576e-07
-2.109255e-06
-3.898382e-06
8.537702e-07
-3.345547e-06
-1.859369e-06
5.296775e-07
3.929654e-06
2.282190e-06
-6.134535e-07
-1.172026e-06
-2.251047e-07
5.961304e-07
2.434575e-06
2.684563e-07
-1.086220e-07
-3.290307e-07
-1.198525e-06
-1.511942e-06
-2.884155e-09
3.198888e-06
2.763136e-06
2.121743e-07
7.295198e-07
-6.208735e-07
5.668343e-07
2.129096e-06
1.174481e-06
-1.127238e-06
-8.804014e-07
9.215016e-07
1.580440e-06
-1.910342e-06
2.535351e-06
6.089655e-07
-1.417004e-06
-1.747950e-06
-7.681279e-08
-1.381142e-06
6.347583e-07
1.626269e-06
1.192387e-06
2.283385e-06
1.318993e-06
3.650304e-06
3.161558e-06
-2.563209e-06
-4.756347e-06
-4.956058e-07
-2.070450e-06
-1.706429e-06
-1.360388e-06
2.537631e-06
2.605471e-06
-5.435610e-08
-1.302905e-05
1.302587e-05
-2.851369e-06
-6.872245e-06
7.895229e-06
1.640865e-05
2.465386e-06
-4.591993e-06
2.813865e-06
-6.766949e-06
1.258265e-04
2.731093e-06
7.332478e-06
3.472847e-06
-1.344289e-06
1.690506e-06
-1.343860e-06
-1.222733e-06
7.254026e-06
-1.926029e-06
-3.867150e-06
-4.949041e-07
-2.033552e-06
4.715366e-08
-3.895720e-06
-1.535344e-06
2.870472e-06
-2.837747e-06
-3.126392e-06
-4.018297e-06
1.618519e-06
5.759857e-07
7.115390e-07
1.052618e-06
2.225544e-06
2.101522e-06
-2.838199e-07
8.778072e-07
7.670096e-07
-1.498430e-06
-1.807082e-06
-8.703823e-07
-8.140188e-07
-4.434183e-07
8.762451e-07
1.049653e-06
1.673821e-06
9.675096e-07
2.091173e-06
1.309651e-07
1.541644e-08
9.623770e-07
3.314841e-07
3.083446e-07
-1.618465e-07
-4.112905e-07
3.912337e-07
4.736706e-07
1.107473e-07
-1.462579e-07
3.543286e-07
3.735881e-06
3.497207e-06
4.104985e-06
3.038061e-07
-3.014083e-06
-3.997229e-06
2.642150e-06
4.316259e-06
6.386969e-06
5.658608e-06
-7.626720e-06
-9.877148e-07
-1.148362e-06
8.329170e-06
5.308183e-06
-2.037476e-06
1.531643e-05
-4.112328e-07
-3.343472e-06
-1.500998e-06
3.689836e-06
2.731093e-06
1.074391e-04
3.909361e-06
1.662146e-06
2.599802e-06
4.419301e-06
6.346016e-06
-4.581927e-06
2.805205e-07
-1.708882e-06
-1.436009e-06
7.738474e-07
-2.010177e-06
3.976085e-06
-5.632904e-06
-2.589614e-06
6.637949e-07
-4.317832e-06
1.268058e-06
8.240719e-07
-1.638077e-06
1.691059e-06
1.206092e-07
4.753544e-07
6.720350e-07
-5.339904e-07
1.695140e-06
1.964791e-06
1.737667e-06
6.334256e-07
7.500239e-07
2.604590e-06
1.883775e-06
-1.074421e-06
-3.930405e-07
1.192686e-06
-1.897779e-06
5.129613e-07
2.783400e-07
2.191349e-06
-1.252821e-07
2.998697e-06
5.587575e-07
3.387849e-08
4.277881e-07
3.121665e-07
-7.497830e-07
2.917927e-07
5.738246e-08
6.823097e-07
1.753027e-06
-3.730391e-07
3.504781e-06
7.188470e-07
2.417167e-06
6.122033e-07
2.680701e-06
-3.739301e-06
-2.675388e-07
-3.815275e-07
3.167612e-06
3.954252e-06
1.276479e-06
8.785479e-06
1.081630e-05
-1.462331e-05
1.896061e-05
-3.975926e-06
-7.754534e-08
-5.241104e-06
4.911537e-06
-1.779693e-06
7.332478e-06
3.909361e-06
1.134056e-04
-1.472410e-06
-4.977370e-06
1.127495e-06
2.562296e-06
-1.769276e-06
-1.975386e-06
3.311646e-06
-3.987623e-06
9.401640e-07
2.684383e-06
-1.360070e-06
3.837218e-07
-1.267748e-06
1.308908e-06
6.190615e-07
1.179753e-07
-1.829504e-06
-3.592633e-07
-1.976689e-06
1.134425e-06
-2.476174e-07
1.325125e-06
1.734348e-06
-3.913904e-07
-3.973157e-08
-1.634280e-06
-6.943979e-08
-1.121675e-06
1.079407e-06
7.419881e-07
1.637270e-06
-2.342794e-07
2.696803e-06
4.780072e-07
-9.061315e-07
1.562019e-06
1.737660e-06
5.585295e-07
2.179138e-06
5.375687e-07
-2.029247e-07
4.600335e-07
-5.016838e-07
-6.508125e-07
4.207214e-07
1.340735e-06
8.331266e-07
-1.202010e-07
2.443491e-06
-3.528117e-07
4.699329e-07
-2.586555e-06
1.075362e-07
6.052880e-07
4.655194e-06
-1.655237e-06
-3.321075e-07
1.051015e-05
-1.222805e-05
6.405778e-06
1.587223e-06
-1.939523e-06
-8.797134e-06
6.316290e-06
1.246751e-05
-4.581151e-07
-5.545803e-06
-1.863176e-08
1.035602e-05
3.472847e-06
1.662146e-06
-1.472410e-06
1.021869e-04
2.535066e-06
-9.403671e-07
2.172116e-06
3.092128e-06
2.187685e-06
-2.378783e-06
-1.840972e-06
4.749374e-07
3.521682e-07
5.712741e-07
-2.784992e-06
1.412682e-06
-5.146161e-06
-5.674474e-06
-2.837873e-06
-6.555855e-07
-3.609227e-07
1.756209e-06
2.000779e-06
-3.284522e-06
1.697747e-07
1.594043e-06
-5.147753e-07
5.288554e-07
8.449022e-07
1.311393e-06
9.015391e-07
2.328602e-06
1.075321e-08
1.767590e-06
1.363247e-06
3.380319e-07
4.906441e-07
-1.059347e-06
2.028034e-07
-1.336616e-07
-1.312783e-06
-4.720319e-07
7.316127e-07
9.092815e-07
1.600319e-07
9.842227e-07
1.653119e-07
8.759516e-07
1.023641e-06
1.197335e-06
2.570623e-06
-1.374147e-06
-1.077467e-06
-2.597315e-06
-8.060332e-07
-1.971933e-06
-3.795122e-07
-7.176442e-06
3.915104e-06
1.099306e-06
1.682603e-06
-5.095582e-06
-1.490507e-06
8.706508e-06
-3.185619e-07
-1.471221e-06
6.368348e-06
4.139133e-06
1.042962e-06
-4.072061e-06
3.118478e-06
-2.593336e-06
-1.344289e-06
2.599802e-06
-4.977370e-06
2.535066e-06
8.847528e-05
-5.529355e-08
-3.401422e-06
-1.130488e-06
-6.296192e-07
-5.364386e-06
2.931589e-06
-1.162812e-06
2.318051e-06
-2.616847e-06
-3.205854e-07
-1.825637e-06
1.468159e-06
7.727934e-07
-2.835158e-06
5.286441e-07
-1.834025e-07
-9.812147e-07
8.925147e-07
-6.873940e-07
-1.940934e-07
-3.106329e-06
-3.451153e-07
2.243744e-07
7.145218e-07
6.000399e-07
2.977269e-07
3.034019e-07
5.444855e-07
1.240511e-06
3.974818e-07
-8.307235e-07
-9.299033e-07
4.320987e-07
-7.295654e-07
1.635826e-06
-3.218872e-07
6.696889e-07
5.356786e-07
-5.211349e-07
-5.600741e-07
1.411401e-07
-5.425392e-07
9.545486e-07
5.023975e-07
1.114318e-06
-1.161185e-07
-4.307547e-06
-3.158165e-06
-2.276318e-07
2.450353e-06
7.223514e-07
4.854861e-06
2.067979e-06
-9.810066e-06
4.627565e-06
6.062681e-06
3.266146e-06
2.619116e-07
1.643283e-07
2.277263e-06
8.929295e-06
3.744238e-06
-3.244319e-06
-4.176594e-07
-4.240652e-06
-3.319814e-06
3.470330e-06
1.690506e-06
4.419301e-06
1.127495e-06
-9.403671e-07
-5.529355e-08
8.686282e-05
3.410796e-06
-4.689624e-07
-1.393564e-06
2.481213e-08
2.681988e-06
1.119962e-06
2.247925e-07
-1.049697e-06
-1.299530e-07
-2.788776e-07
7.697231e-07
6.841449e-07
-9.967841e-07
-2.808338e-07
2.096251e-07
-3.689960e-07
-1.185783e-06
2.010421e-07
1.255884e-06
-3.079660e-07
-8.876084e-07
6.832609e-07
1.724374e-06
-3.165069e-07
-9.931301e-07
1.530551e-06
-5.308240e-07
1.829787e-06
-6.999409e-07
1.711467e-06
8.449281e-07
1.297045e-06
1.183809e-06
-8.612108e-08
3.742605e-07
-4.351297e-08
4.295051e-07
-3.459460e-07
1.292865e-06
1.067418e-06
1.401950e-06
5.159317e-07
2.277277e-07
1.094557e-06
-2.610033e-07
-1.681959e-06
-1.567295e-06
2.746257e-06
2.398921e-06
3.537708e-06
3.186240e-07
2.015228e-06
-2.157250e-07
-1.000165e-06
-2.446020e-06
4.803843e-06
-7.615613e-06
4.133801e-06
-5.386717e-06
-3.607093e-06
1.068450e-06
1.359379e-07
4.023008e-08
-2.461681e-06
-2.462593e-06
-2.016257e-06
-1.343860e-06
6.346016e-06
2.562296e-06
2.172116e-06
-3.401422e-06
3.410796e-06
8.092109e-05
-1.753629e-06
2.919893e-07
-2.969957e-06
3.145815e-07
-1.824725e-06
-4.690327e-07
2.287815e-07
-6.237903e-07
-2.556288e-06
-2.737328e-07
-1.512491e-06
-2.254521e-06
-5.854989e-07
-3.509102e-06
1.631231e-06
-1.858209e-07
-6.178571e-07
-2.034517e-06
-5.737699e-08
1.641359e-06
-5.611942e-07
1.159233e-06
-1.706110e-06
6.307414e-07
1.663425e-06
1.101331e-06
8.443031e-07
1.158925e-06
6.017340e-07
7.712271e-07
1.871199e-06
2.016728e-06
2.370429e-06
-5.156741e-07
1.957327e-06
-5.409174e-07
-4.117431e-07
9.017889e-07
1.043334e-07
1.327326e-07
-4.164126e-07
-2.862196e-07
-7.112546e-07
2.909678e-06
3.734702e-07
4.335661e-08
1.791022e-06
-1.452009e-06
2.253826e-07
6.525605e-06
1.566373e-06
-9.498232e-07
-5.220388e-06
7.766943e-08
-1.112324e-06
-2.664063e-06
-6.673264e-07
2.944706e-06
-1.310462e-06
-2.055694e-06
1.061458e-06
1.848100e-06
-2.920463e-06
2.244937e-06
-8.952576e-07
-1.222733e-06
-4.581927e-06
-1.769276e-06
3.092128e-06
-1.130488e-06
-4.689624e-07
-1.753629e-06
6.645219e-05
-2.360324e-06
7.462915e-07
3.505658e-06
-3.575495e-06
7.196944e-07
-3.068281e-06
1.052608e-06
-1.262322e-06
-2.913935e-07
-2.867454e-07
-3.511880e-06
3.580196e-07
-1.120968e-06
-1.596065e-06
-2.493875e-07
5.040451e-07
1.521680e-07
-1.386874e-07
1.312027e-07
-1.239446e-07
-8.628255e-07
6.689671e-07
-8.694236e-07
8.634834e-08
5.053458e-07
8.460876e-07
1.533383e-06
3.684144e-08
2.252283e-06
-1.215332e-06
-3.304961e-07
-3.310213e-07
8.908138e-07
-2.115738e-08
-1.212272e-06
1.276107e-06
-7.591681e-07
4.432448e-07
1.114657e-06
-2.172310e-07
-3.186800e-07
2.433065e-09
1.303200e-06
-7.436410e-07
-9.206886e-07
2.326516e-07
8.676808e-07
-1.332560e-06
3.216034e-07
-3.493786e-06
-2.578970e-07
-8.443881e-06
-2.344224e-06
-2.287961e-06
-2.389281e-06
1.060850e-05
-3.026007e-06
4.273991e-06
1.398362e-05
1.291801e-05
4.758380e-07
-1.755358e-06
-5.722625e-06
-2.109255e-06
7.254026e-06
2.805205e-07
-1.975386e-06
2.187685e-06
-6.296192e-07
-1.393564e-06
2.919893e-07
-2.360324e-06
6.553415e-05
-3.028656e-06
2.178473e-06
-2.065741e-06
-4.674469e-06
-2.031109e-07
-3.418013e-06
-2.360728e-06
-4.212013e-06
-1.444645e-06
-1.462759e-06
-1.993792e-06
5.039128e-08
-2.648937e-07
1.170748e-06
-1.741731e-06
9.928722e-07
7.661810e-07
-4.640930e-07
3.215333e-07
5.461728e-07
2.606476e-07
-5.719403e-08
4.651683e-07
2.299584e-07
-1.325734e-06
4.644800e-07
8.238548e-07
6.360478e-07
2.719934e-07
1.023251e-06
1.747680e-07
-5.986314e-08
8.408485e-08
1.651929e-06
7.015179e-08
8.271587e-07
-1.392722e-06
5.691073e-07
6.109326e-08
7.595858e-07
-3.250613e-07
-6.639988e-07
-1.122281e-06
-4.052799e-06
-1.603263e-06
1.619862e-06
-6.558907e-07
1.877591e-06
1.168593e-06
5.339990e-06
-5.661669e-06
4.780812e-06
-7.704131e-07
6.097811e-06
1.374973e-06
1.378565e-06
1.625521e-06
-6.953925e-06
2.987133e-07
9.459571e-07
-1.298376e-06
1.580064e-06
-3.898382e-06
-1.926029e-06
-1.708882e-06
3.311646e-06
-2.378783e-06
-5.364386e-06
2.481213e-08
-2.969957e-06
7.462915e-07
-3.028656e-06
6.461801e-05
-3.379215e-06
-3.525406e-06
-2.924431e-07
1.423360e-07
2.489879e-06
-4.924806e-07
9.090723e-07
-8.922723e-07
-1.685086e-06
-1.774914e-06
-8.174673e-07
-1.564446e-07
-1.055381e-06
7.348066e-07
1.134158e-06
1.008170e-06
-2.315487e-07
1.526564e-06
1.448722e-07
6.667597e-07
2.824835e-07
2.471801e-07
1.166893e-06
-1.479286e-06
2.253390e-07
2.237220e-07
8.852082e-07
2.848554e-07
5.361647e-07
5.433792e-07
1.386922e-06
-7.295189e-07
-1.322397e-06
1.961219e-06
-3.937554e-07
9.404855e-07
8.349885e-07
4.496058e-07
1.939776e-07
4.379621e-07
3.982941e-07
2.599657e-06
3.349643e-06
7.682353e-07
1.318303e-06
-2.444652e-06
-4.018981e-06
-2.751922e-06
6.749625e-06
-9.414974e-08
-4.401802e-06
-2.296302e-06
2.407721e-06
4.078661e-06
-8.989516e-06
5.371058e-06
2.979122e-06
-1.280118e-05
3.448346e-07
-2.875881e-06
-3.722870e-07
8.537702e-07
-3.867150e-06
-1.436009e-06
-3.987623e-06
-1.840972e-06
2.931589e-06
2.681988e-06
3.145815e-07
3.505658e-06
2.178473e-06
-3.379215e-06
5.420989e-05
-2.447411e-06
-2.845671e-06
1.358193e-07
4.523205e-07
-1.793637e-06
-1.328613e-06
-5.623628e-07
-6.767921e-07
-6.985810e-07
-1.928806e-06
9.958805e-07
-1.669579e-06
9.418221e-07
-9.888740e-07
-1.872618e-07
1.992716e-07
6.352116e-07
1.881429e-07
-9.206551e-08
-6.127013e-07
-6.996244e-07
1.033872e-06
1.650384e-06
3.317570e-07
-1.349641e-06
4.760845e-07
8.253571e-07
-2.011630e-06
5.075919e-07
3.491222e-07
-3.697177e-07
-2.543192e-07
5.223345e-07
9.449897e-08
8.019376e-07
-2.090322e-07
3.545825e-07
4.932343e-07
2.942574e-07
2.988656e-08
1.563736e-07
-1.350687e-06
-1.643899e-06
1.614425e-06
3.676087e-06
-1.757573e-06
-6.821662e-07
-2.111894e-06
-1.222304e-06
-1.856264e-07
1.871944e-06
-1.094236e-05
2.794745e-07
5.459906e-07
1.315681e-06
-3.495429e-06
3.040256e-06
4.989715e-07
-1.826447e-08
-5.676713e-06
-3.345547e-06
-4.949041e-07
7.738474e-07
9.401640e-07
4.749374e-07
-1.162812e-06
1.119962e-06
-1.824725e-06
-3.575495e-06
-2.065741e-06
-3.525406e-06
-2.447411e-06
5.387460e-05
-3.816637e-06
-2.423216e-06
-3.371674e-06
1.521694e-06
-5.806526e-07
1.488714e-06
8.101256e-07
-2.106413e-06
1.902305e-07
1.719430e-07
4.371203e-07
-3.294733e-08
1.114884e-06
-9.870181e-07
1.438397e-07
-9.511902e-07
3.248167e-07
1.522616e-07
3.065136e-08
3.161315e-07
1.050031e-06
3.372816e-07
6.904777e-07
1.183138e-06
-7.173301e-07
6.438338e-07
6.502079e-07
-6.476909e-07
-6.758439e-07
-4.035156e-07
1.113890e-06
8.305025e-07
1.267738e-07
7.613860e-07
6.762844e-07
1.383704e-06
5.762791e-07
-7.331868e-07
4.954327e-07
-4.151371e-07
-2.380199e-06
-1.580424e-06
-1.923854e-06
-1.398720e-07
-1.707612e-06
4.162565e-06
8.799578e-07
-1.812471e-06
2.053187e-06
8.043005e-07
1.178881e-05
-1.908387e-06
-2.269753e-06
6.485938e-07
1.237933e-05
-2.559332e-06
-9.545135e-08
-1.021772e-06
3.531397e-06
-1.859369e-06
-2.033552e-06
-2.010177e-06
2.684383e-06
3.521682e-07
2.318051e-06
2.247925e-07
-4.690327e-07
7.196944e-07
-4.674469e-06
-2.924431e-07
-2.845671e-06
-3.816637e-06
5.024556e-05
-1.966626e-06
9.632820e-07
-2.010117e-06
-4.823377e-07
1.438097e-06
-2.120025e-07
-1.224958e-06
4.661365e-07
-2.692925e-06
-1.205675e-06
1.270500e-06
1.215545e-06
2.559694e-07
-1.523907e-06
-1.196528e-06
3.278474e-07
1.362687e-07
6.691330e-07
-7.067770e-08
8.853482e-07
3.921325e-07
3.026883e-07
1.731089e-06
7.243556e-07
1.698274e-07
2.260232e-07
1.058841e-06
5.540532e-07
1.306571e-06
7.682487e-07
9.148179e-07
7.856553e-07
1.094489e-07
8.430308e-08
-7.696385e-08
3.716373e-07
-4.628856e-07
2.803351e-06
-1.529588e-07
2.735046e-06
-2.933422e-07
2.308931e-06
5.416871e-06
-1.735723e-07
7.837137e-07
-3.055515e-07
-1.737444e-06
-4.558288e-06
6.063075e-06
3.486895e-06
-4.846156e-06
1.263358e-06
-1.772674e-06
7.705641e-06
-9.659723e-06
5.205331e-07
4.028116e-08
-1.434596e-06
5.296775e-07
4.715366e-08
3.976085e-06
-1.360070e-06
5.712741e-07
-2.616847e-06
-1.049697e-06
2.287815e-07
-3.068281e-06
-2.031109e-07
1.423360e-07
1.358193e-07
-2.423216e-06
-1.966626e-06
4.225726e-05
1.403762e-08
2.730239e-07
2.007092e-07
-1.326344e-06
-4.642344e-08
-1.577566e-06
-2.636682e-07
-1.217234e-06
-1.611955e-07
-1.166926e-06
5.984445e-07
6.090449e-08
2.780283e-07
1.261624e-06
1.375494e-06
-2.158553e-07
2.060607e-06
2.432507e-07
-3.321636e-07
1.368222e-06
1.116797e-06
-1.400562e-07
-5.748234e-07
8.832237e-07
6.205260e-07
1.080913e-06
-4.663258e-07
1.962326e-06
6.857047e-07
1.168898e-06
5.105616e-07
-2.801878e-07
1.253661e-07
1.116505e-06
8.452980e-07
1.157995e-06
3.477243e-08
5.992368e-07
-7.538435e-07
-1.326793e-07
7.651021e-07
-1.036791e-06
5.385937e-07
-3.224373e-06
6.067839e-06
3.734164e-06
-4.352005e-06
4.101431e-07
-7.712723e-06
8.000247e-06
-1.227176e-06
-3.816873e-06
-4.833264e-06
5.346969e-06
-2.982533e-08
-6.519623e-07
-8.192374e-07
3.929654e-06
-3.895720e-06
-5.632904e-06
3.837218e-07
-2.784992e-06
-3.205854e-07
-1.299530e-07
-6.237903e-07
1.052608e-06
-3.418013e-06
2.489879e-06
4.523205e-07
-3.371674e-06
9.632820e-07
1.403762e-08
3.565794e-05
1.930388e-09
-1.322403e-06
3.246285e-07
-2.644052e-07
3.060214e-07
-6.285129e-07
-1.449560e-06
-3.347754e-07
1.102037e-07
-1.349797e-06
6.872922e-07
6.166623e-07
1.989821e-07
-5.992990e-07
5.753309e-07
6.799563e-07
-7.393761e-08
4.313411e-07
3.999113e-07
2.360344e-07
2.765658e-08
4.794547e-07
1.724622e-07
3.589632e-08
6.728045e-07
3.178610e-07
8.158258e-07
-4.940310e-07
1.013714e-06
1.451942e-06
8.253476e-07
-2.538205e-07
-2.668835e-07
2.540959e-08
3.658321e-07
1.688727e-06
4.896717e-07
1.451845e-06
1.152717e-06
1.026493e-06
-8.031478e-07
2.067405e-06
-1.316574e-06
3.303292e-06
-4.902585e-07
-1.415084e-06
1.469018e-06
-7.394253e-06
-3.645450e-06
1.397528e-06
-1.957774e-07
-5.281732e-06
6.858050e-06
3.620941e-07
6.677901e-07
-3.144553e-06
2.282190e-06
-1.535344e-06
-2.589614e-06
-1.267748e-06
1.412682e-06
-1.825637e-06
-2.788776e-07
-2.556288e-06
-1.262322e-06
-2.360728e-06
-4.924806e-07
-1.793637e-06
1.521694e-06
-2.010117e-06
2.730239e-07
1.930388e-09
3.307682e-05
-5.165543e-07
-8.342313e-07
-8.216787e-07
-3.855769e-07
-3.555752e-07
-5.772182e-07
-7.205618e-07
-1.345939e-06
-8.115813e-07
7.014254e-07
1.819012e-07
6.206295e-07
6.834139e-07
-8.054370e-07
-3.172074e-07
1.021794e-06
4.558325e-07
-1.207652e-07
-5.276144e-07
1.202624e-06
2.098621e-07
3.054357e-07
1.140528e-06
1.165687e-06
4.241407e-07
5.410042e-07
4.010197e-07
5.791019e-07
9.120356e-07
-1.376299e-07
-2.579922e-07
4.670343e-07
9.931535e-07
-8.190587e-07
1.315245e-06
1.348419e-06
9.954803e-07
1.220586e-06
-5.044565e-07
1.685943e-07
1.593751e-06
-2.629489e-07
1.242312e-06
-2.396346e-06
-4.180880e-06
-1.480585e-06
-1.854606e-06
1.353424e-06
1.129783e-06
2.512276e-06
1.183826e-06
5.318958e-06
8.331056e-07
-1.392728e-08
3.718177e-06
-6.134535e-07
2.870472e-06
6.637949e-07
1.308908e-06
-5.146161e-06
1.468159e-06
7.697231e-07
-2.737328e-07
-2.913935e-07
-4.212013e-06
9.090723e-07
-1.328613e-06
-5.806526e-07
-4.823377e-07
2.007092e-07
-1.322403e-06
-5.165543e-07
2.922477e-05
6.133640e-08
-1.992364e-06
-8.007062e-07
1.233045e-07
-1.381720e-06
2.669164e-07
-5.519166e-07
-2.493123e-07
-8.647766e-07
-5.306843e-07
3.282639e-07
1.576765e-06
-7.314169e-07
-4.599881e-07
-5.496139e-07
-1.092293e-06
9.501974e-07
-4.387344e-07
5.137338e-08
4.803534e-07
9.195042e-07
3.579257e-07
3.562730e-07
4.542914e-07
6.596850e-07
7.034447e-07
1.493282e-07
8.979240e-07
9.492899e-07
3.971855e-08
6.041164e-07
-1.023720e-07
2.174256e-07
-7.281621e-08
2.550345e-07
-9.090794e-08
1.224551e-06
2.248317e-06
-3.876676e-07
1.967765e-06
-3.563359e-07
8.748305e-08
1.072527e-06
3.737078e-06
-2.700278e-06
1.237999e-06
2.183507e-06
1.310119e-06
-3.659176e-08
6.982752e-06
-2.299666e-07
-9.413566e-07
4.315002e-07
4.814403e-07
-1.172026e-06
-2.837747e-06
-4.317832e-06
6.190615e-07
-5.674474e-06
7.727934e-07
6.841449e-07
-1.512491e-06
-2.867454e-07
-1.444645e-06
-8.922723e-07
-5.623628e-07
1.488714e-06
1.438097e-06
-1.326344e-06
3.246285e-07
-8.342313e-07
6.133640e-08
2.758864e-05
-3.990855e-07
-1.429533e-06
-6.832412e-07
-9.021522e-07
-2.126842e-06
5.503217e-07
5.280461e-07
-3.650929e-07
-1.481004e-06
-7.792142e-07
-3.098350e-07
3.402797e-07
7.632212e-07
-7.451900e-07
-7.701342e-08
-5.383970e-07
1.232474e-06
5.532603e-07
5.505062e-07
-1.780458e-07
1.463324e-06
4.218359e-08
8.038926e-07
-1.059641e-06
4.220441e-07
1.039953e-06
3.578481e-07
2.480364e-07
7.673590e-07
4.932984e-07
8.462957e-07
-8.549891e-07
-3.485758e-07
-1.997195e-08
-5.773237e-07
1.536774e-06
1.282836e-06
2.232420e-06
-1.023321e-06
-1.659098e-07
3.686646e-06
-6.169700e-07
1.759144e-06
-1.060476e-06
-8.087800e-07
-4.796279e-07
-2.089306e-06
-9.711282e-07
3.120833e-07
1.253901e-06
-6.036052e-08
1.587915e-06
1.833433e-06
-2.251047e-07
-3.126392e-06
1.268058e-06
1.179753e-07
-2.837873e-06
-2.835158e-06
-9.967841e-07
-2.254521e-06
-3.511880e-06
-1.462759e-06
-1.685086e-06
-6.767921e-07
8.101256e-07
-2.120025e-07
-4.642344e-08
-2.644052e-07
-8.216787e-07
-1.992364e-06
-3.990855e-07
2.356072e-05
-6.705543e-08
-3.309587e-09
-1.318072e-07
-3.405964e-07
1.021132e-07
3.597306e-08
-4.112319e-07
5.790679e-07
-8.294640e-07
-1.286276e-07
2.091353e-07
1.177824e-07
2.411716e-07
1.380629e-08
-1.944960e-08
-1.106671e-07
6.245782e-07
-1.285256e-07
4.451379e-08
9.068397e-07
1.965330e-07
1.878670e-07
1.506890e-06
2.402340e-07
7.293073e-07
-7.852810e-08
3.656441e-07
3.602736e-07
1.677851e-07
2.822432e-07
-1.956842e-08
-3.827762e-07
-5.246108e-07
1.557700e-06
-3.535498e-07
-1.218527e-06
2.986683e-06
3.383721e-07
2.671734e-07
3.268913e-06
3.711248e-07
2.274420e-07
2.677308e-06
8.892742e-07
-3.458863e-06
-2.933661e-06
3.317230e-06
2.966464e-06
-1.970905e-06
-3.872040e-07
5.758354e-07
-5.871009e-07
5.961304e-07
-4.018297e-06
8.240719e-07
-1.829504e-06
-6.555855e-07
5.286441e-07
-2.808338e-07
-5.854989e-07
3.580196e-07
-1.993792e-06
-1.774914e-06
-6.985810e-07
-2.106413e-06
-1.224958e-06
-1.577566e-06
3.060214e-07
-3.855769e-07
-8.007062e-07
-1.429533e-06
-6.705543e-08
2.313097e-05
-4.019621e-07
-7.075867e-07
-7.288346e-08
-2.167328e-07
-5.463985e-07
-6.272572e-07
3.430778e-07
-8.011833e-07
-1.149084e-07
1.080598e-07
-6.824435e-07
3.893356e-07
2.084192e-07
6.835765e-07
-1.682547e-07
5.218320e-08
-1.233205e-07
3.897987e-07
1.952907e-07
7.324663e-07
5.788395e-07
2.156706e-07
-2.216300e-07
1.041583e-07
5.571876e-07
2.188632e-07
5.137578e-07
-7.327792e-07
2.366961e-07
1.393773e-06
-3.139747e-07
3.494170e-07
-3.158605e-07
1.669064e-06
-1.205730e-07
-1.081258e-06
-1.220595e-07
4.081534e-06
-3.408917e-06
-1.074705e-06
-4.851070e-08
2.251369e-06
-4.886980e-07
7.899625e-07
-7.594661e-07
8.945394e-07
-1.548984e-06
5.567158e-06
-1.214247e-07
9.663539e-07
2.168267e-06
2.434575e-06
1.618519e-06
-1.638077e-06
-3.592633e-07
-3.609227e-07
-1.834025e-07
2.096251e-07
-3.509102e-06
-1.120968e-06
5.039128e-08
-8.174673e-07
-1.928806e-06
1.902305e-07
4.661365e-07
-2.636682e-07
-6.285129e-07
-3.555752e-07
1.233045e-07
-6.832412e-07
-3.309587e-09
-4.019621e-07
2.087651e-05
-4.139661e-07
-7.535159e-07
-8.497306e-07
-6.226384e-07
-6.332487e-07
-6.444094e-08
4.965271e-07
-2.404621e-07
-6.686843e-08
-1.348202e-07
6.822695e-07
7.430680e-07
-6.226560e-07
2.825055e-07
1.299113e-07
1.208167e-07
6.393659e-07
7.524807e-07
9.920449e-07
1.037055e-06
6.562832e-07
1.203977e-06
3.794340e-07
-8.387362e-08
1.491222e-07
3.100523e-07
9.310303e-07
8.762733e-07
-5.786629e-07
6.308059e-07
-4.336789e-07
9.178828e-08
2.128192e-06
-5.596141e-07
3.191312e-07
-1.921475e-06
-2.545115e-07
-9.347123e-07
3.024658e-06
4.432627e-06
-8.801909e-07
1.104286e-06
4.096025e-06
4.510796e-07
-1.241927e-06
3.098576e-06
-9.077659e-07
1.466810e-07
8.860690e-07
-5.592419e-07
2.684563e-07
5.759857e-07
1.691059e-06
-1.976689e-06
1.756209e-06
-9.812147e-07
-3.689960e-07
1.631231e-06
-1.596065e-06
-2.648937e-07
-1.564446e-07
9.958805e-07
1.719430e-07
-2.692925e-06
-1.217234e-06
-1.449560e-06
-5.772182e-07
-1.381720e-06
-9.021522e-07
-1.318072e-07
-7.075867e-07
-4.139661e-07
1.804980e-05
-8.931960e-07
-8.796458e-08
-2.310478e-07
-1.444777e-07
3.708987e-07
1.027468e-07
-4.224627e-07
2.148486e-07
1.705436e-07
5.386530e-08
4.483329e-07
1.904823e-08
5.249078e-07
3.194428e-07
-4.221856e-07
2.185775e-07
-5.416274e-07
5.111276e-08
2.371518e-07
2.015230e-07
1.503912e-07
7.854550e-07
1.038239e-07
3.925185e-07
4.142752e-07
4.292074e-07
5.663279e-07
2.540263e-07
5.934650e-07
3.991172e-07
-6.841713e-07
-1.154864e-07
-1.848818e-06
1.765737e-06
1.988616e-06
-1.252601e-06
-5.433445e-07
-1.217543e-06
1.384155e-06
-5.541924e-07
-1.289230e-06
1.394101e-06
-4.261148e-06
2.095175e-06
1.466102e-06
-3.771699e-06
-2.241879e-07
3.608286e-07
1.440587e-06
-1.086220e-07
7.115390e-07
1.206092e-07
1.134425e-06
2.000779e-06
8.925147e-07
-1.185783e-06
-1.858209e-07
-2.493875e-07
1.170748e-06
-1.055381e-06
-1.669579e-06
4.371203e-07
-1.205675e-06
-1.611955e-07
-3.347754e-07
-7.205618e-07
2.669164e-07
-2.126842e-06
-3.405964e-07
-7.288346e-08
-7.535159e-07
-8.931960e-07
1.681657e-05
-1.343223e-06
-5.370756e-07
-4.241666e-07
-1.678642e-07
4.651220e-07
6.261666e-07
-3.869661e-07
5.649838e-08
7.371306e-07
-4.995441e-07
1.603932e-08
-4.590548e-07
-6.907508e-08
9.355247e-08
4.618661e-07
3.875189e-07
8.695599e-08
6.003621e-07
8.655212e-07
7.518753e-07
-1.785944e-07
1.989769e-07
2.329231e-07
4.099166e-07
1.957148e-07
3.570956e-07
7.161707e-07
6.068734e-07
6.141355e-07
-5.478578e-07
-4.187017e-07
-2.525723e-07
-9.952613e-07
1.803172e-06
3.210232e-07
-2.672429e-07
-1.452953e-06
9.646035e-07
-2.160294e-06
-1.280918e-06
2.473531e-06
-8.071921e-07
-4.469292e-06
1.729812e-06
-1.915637e-06
5.897511e-07
5.663003e-07
1.336583e-06
-3.290307e-07
1.052618e-06
4.753544e-07
-2.476174e-07
-3.284522e-06
-6.873940e-07
2.010421e-07
-6.178571e-07
5.040451e-07
-1.741731e-06
7.348066e-07
9.418221e-07
-3.294733e-08
1.270500e-06
-1.166926e-06
1.102037e-07
-1.345939e-06
-5.519166e-07
5.503217e-07
1.021132e-07
-2.167328e-07
-8.497306e-07
-8.796458e-08
-1.343223e-06
1.578710e-05
1.662045e-07
-2.687854e-07
-6.471111e-07
-3.248296e-07
-5.115618e-08
-3.960590e-07
-3.255494e-07
-9.796099e-07
-2.277869e-07
-1.623107e-07
4.009147e-07
-8.122472e-08
6.434347e-07
6.079327e-08
-9.520675e-08
4.474693e-07
3.560421e-07
4.786496e-07
1.189030e-07
1.189327e-06
2.830507e-07
5.300846e-07
-2.880727e-07
6.029243e-08
8.821509e-07
-4.249304e-08
4.074686e-07
4.436528e-07
4.729403e-07
5.438675e-07
9.672761e-07
2.799390e-06
8.070523e-07
-2.148846e-07
-2.040203e-06
8.216931e-07
5.246656e-07
5.170704e-06
-4.846932e-06
1.666933e-06
1.224438e-06
9.853457e-07
7.159744e-06
-1.075668e-05
-7.881495e-07
9.096286e-07
1.762962e-07
-1.198525e-06
2.225544e-06
6.720350e-07
1.325125e-06
1.697747e-07
-1.940934e-07
1.255884e-06
-2.034517e-06
1.521680e-07
9.928722e-07
1.134158e-06
-9.888740e-07
1.114884e-06
1.215545e-06
5.984445e-07
-1.349797e-06
-8.115813e-07
-2.493123e-07
5.280461e-07
3.597306e-08
-5.463985e-07
-6.226384e-07
-2.310478e-07
-5.370756e-07
1.662045e-07
1.461161e-05
1.428501e-07
-3.683065e-07
-3.845702e-07
-6.675838e-07
-6.583106e-08
-3.923389e-07
-5.167570e-07
-2.201485e-07
-1.029275e-07
1.672193e-07
2.952452e-07
5.477375e-07
4.511708e-07
2.513579e-07
2.621994e-07
-1.231500e-07
5.551355e-07
5.915188e-07
1.067833e-06
5.675532e-07
6.578152e-07
8.818347e-08
7.347821e-07
2.149624e-07
6.166744e-07
6.730544e-07
1.139811e-07
1.039182e-06
2.199991e-06
1.120622e-07
-1.123851e-06
1.369375e-06
4.795023e-07
1.667236e-06
-1.244039e-07
1.521273e-06
-1.752439e-06
2.352424e-06
-1.142480e-06
-5.354853e-06
1.051030e-06
-4.280663e-06
3.459430e-07
6.401533e-07
8.131253e-07
1.487607e-07
-1.511942e-06
2.101522e-06
-5.339904e-07
1.734348e-06
1.594043e-06
-3.106329e-06
-3.079660e-07
-5.737699e-08
-1.386874e-07
7.661810e-07
1.008170e-06
-1.872618e-07
-9.870181e-07
2.559694e-07
6.090449e-08
6.872922e-07
7.014254e-07
-8.647766e-07
-3.650929e-07
-4.112319e-07
-6.272572e-07
-6.332487e-07
-1.444777e-07
-4.241666e-07
-2.687854e-07
1.428501e-07
1.419503e-05
-1.798863e-07
-8.164859e-08
4.232683e-08
6.106722e-07
6.359435e-07
1.502654e-07
-8.792829e-08
-3.991625e-08
1.287937e-07
5.106278e-07
2.158676e-07
-2.391723e-07
4.631721e-07
5.261457e-07
-2.196549e-08
9.813592e-08
5.552652e-07
-4.435638e-07
4.376491e-07
5.855487e-07
5.775570e-07
5.863630e-07
7.333664e-07
6.428292e-08
1.091738e-06
4.475577e-07
1.530380e-06
2.354694e-06
-5.347761e-07
1.509801e-07
1.459423e-06
-3.371047e-06
4.761045e-06
1.700404e-06
7.706377e-07
3.268403e-07
3.161646e-07
-8.817197e-08
-3.879328e-06
7.799879e-07
1.271514e-06
8.047099e-06
4.039354e-07
8.674907e-07
1.901935e-06
-2.884155e-09
-2.838199e-07
1.695140e-06
-3.913904e-07
-5.147753e-07
-3.451153e-07
-8.876084e-07
1.641359e-06
1.312027e-07
-4.640930e-07
-2.315487e-07
1.992716e-07
1.438397e-07
-1.523907e-06
2.780283e-07
6.166623e-07
1.819012e-07
-5.306843e-07
-1.481004e-06
5.790679e-07
3.430778e-07
-6.444094e-08
3.708987e-07
-1.678642e-07
-6.471111e-07
-3.683065e-07
-1.798863e-07
1.183761e-05
-2.652623e-07
-1.666416e-07
-3.503383e-08
5.787943e-07
1.177587e-07
8.370716e-08
8.838602e-07
1.637186e-07
7.379749e-08
-4.028547e-07
7.088266e-07
3.071574e-07
2.701867e-07
2.106265e-07
6.454469e-08
2.722800e-07
2.408628e-08
4.164459e-07
1.945929e-07
8.013498e-07
4.075376e-08
3.812071e-07
4.984436e-07
6.390976e-07
2.039078e-06
6.600573e-07
-8.128037e-07
2.320138e-07
3.106606e-08
9.772871e-07
6.828154e-07
-6.598640e-07
-1.535128e-06
2.052337e-06
-2.100747e-06
-3.213158e-07
2.127037e-06
-1.212999e-06
4.869837e-06
2.265487e-06
-6.073870e-07
5.116625e-07
2.261484e-07
7.314308e-08
3.198888e-06
8.778072e-07
1.964791e-06
-3.973157e-08
5.288554e-07
2.243744e-07
6.832609e-07
-5.611942e-07
-1.239446e-07
3.215333e-07
1.526564e-06
6.352116e-07
-9.511902e-07
-1.196528e-06
1.261624e-06
1.989821e-07
6.206295e-07
3.282639e-07
-7.792142e-07
-8.294640e-07
-8.011833e-07
4.965271e-07
1.027468e-07
4.651220e-07
-3.248296e-07
-3.845702e-07
-8.164859e-08
-2.652623e-07
1.127891e-05
-1.221343e-07
1.178277e-07
-8.268044e-07
2.433027e-07
4.559842e-08
9.267893e-07
-4.018438e-07
-4.056191e-07
6.552620e-08
1.207701e-06
-2.051057e-07
2.822930e-07
4.288233e-07
4.587252e-07
-1.911001e-07
1.838607e-07
5.821411e-07
2.806898e-07
3.273831e-07
7.444725e-07
7.835685e-07
8.708108e-07
1.318396e-07
7.702301e-07
1.181957e-07
5.971137e-07
3.079933e-08
1.396085e-06
-3.700369e-07
-5.196725e-07
1.009703e-06
1.226214e-06
2.241257e-06
1.206700e-06
-1.118609e-06
1.877356e-06
2.136681e-06
-1.985717e-06
-3.820411e-07
1.980504e-06
1.191183e-07
7.483094e-07
1.129853e-06
2.763136e-06
7.670096e-07
1.737667e-06
-1.634280e-06
8.449022e-07
7.145218e-07
1.724374e-06
1.159233e-06
-8.628255e-07
5.461728e-07
1.448722e-07
1.881429e-07
3.248167e-07
3.278474e-07
1.375494e-06
-5.992990e-07
6.834139e-07
1.576765e-06
-3.098350e-07
-1.286276e-07
-1.149084e-07
-2.404621e-07
-4.224627e-07
6.261666e-07
-5.115618e-08
-6.675838e-07
4.232683e-08
-1.666416e-07
-1.221343e-07
1.114579e-05
-1.501864e-07
-5.593322e-07
-1.572426e-07
3.408826e-07
4.437870e-08
7.708503e-07
-1.650758e-08
5.136753e-07
-8.190774e-08
1.549542e-07
6.047413e-07
2.275460e-07
7.376516e-07
1.690244e-07
1.364182e-07
6.901364e-07
1.263126e-07
5.521761e-07
1.992245e-07
6.686922e-07
3.952073e-07
5.187652e-07
9.871178e-07
1.033762e-06
6.707264e-07
1.363789e-06
9.671598e-07
-5.449891e-07
2.250493e-07
2.866617e-08
2.304245e-06
-1.539771e-06
2.359036e-06
-1.365173e-06
2.839173e-06
-7.937383e-07
3.695349e-06
5.423380e-06
-1.115398e-06
7.512490e-07
7.833828e-07
3.978134e-07
2.121743e-07
-1.498430e-06
6.334256e-07
-6.943979e-08
1.311393e-06
6.000399e-07
-3.165069e-07
-1.706110e-06
6.689671e-07
2.606476e-07
6.667597e-07
-9.206551e-08
1.522616e-07
1.362687e-07
-2.158553e-07
5.753309e-07
-8.054370e-07
-7.314169e-07
3.402797e-07
2.091353e-07
1.080598e-07
-6.686843e-08
2.148486e-07
-3.869661e-07
-3.960590e-07
-6.583106e-08
6.106722e-07
-3.503383e-08
1.178277e-07
-1.501864e-07
1.149247e-05
-2.769924e-07
-1.460046e-07
-4.300170e-07
-3.753038e-07
-1.879305e-07
1.654847e-08
-4.088678e-08
-5.836089e-07
3.612726e-07
-7.670803e-08
4.455685e-08
6.554543e-07
7.232866e-07
6.838433e-07
3.254584e-07
-4.365892e-07
5.861376e-07
3.553335e-07
3.864309e-07
1.319263e-06
1.595901e-07
1.229098e-07
2.022695e-06
5.796750e-07
4.440353e-08
1.032683e-06
1.177151e-06
2.581628e-07
3.401856e-07
-4.952770e-07
1.660284e-06
-1.561903e-06
4.640035e-06
-1.573617e-06
-3.880583e-06
2.753538e-06
3.384482e-06
-3.027252e-06
-4.356299e-07
8.339652e-07
2.634485e-07
7.295198e-07
-1.807082e-06
7.500239e-07
-1.121675e-06
9.015391e-07
2.977269e-07
-9.931301e-07
6.307414e-07
-8.694236e-07
-5.719403e-08
2.824835e-07
-6.127013e-07
3.065136e-08
6.691330e-07
2.060607e-06
6.799563e-07
-3.172074e-07
-4.599881e-07
7.632212e-07
1.177824e-07
-6.824435e-07
-1.348202e-07
1.705436e-07
5.649838e-08
-3.255494e-07
-3.923389e-07
6.359435e-07
5.787943e-07
-8.268044e-07
-5.593322e-07
-2.769924e-07
1.118454e-05
1.284263e-07
-4.296879e-08
-4.398993e-07
-1.394942e-07
-1.713513e-07
1.235857e-07
-3.010648e-07
1.626715e-07
-1.042327e-07
-1.062054e-07
4.875877e-07
3.255533e-07
-1.143324e-07
7.060237e-08
6.689309e-07
2.130942e-07
3.380656e-07
2.663733e-07
5.524246e-07
7.232535e-07
6.561928e-07
5.288045e-07
-1.383702e-07
1.249893e-06
-1.358821e-07
-1.783282e-06
-1.906864e-06
1.742238e-06
5.243772e-06
-2.430141e-06
-9.760920e-07
4.881817e-07
3.880112e-06
-3.449184e-06
-6.598994e-07
-1.929388e-06
5.397517e-07
8.199383e-07
5.574905e-07
6.903236e-07
-6.208735e-07
-8.703823e-07
2.604590e-06
1.079407e-06
2.328602e-06
3.034019e-07
1.530551e-06
1.663425e-06
8.634834e-08
4.651683e-07
2.471801e-07
-6.996244e-07
3.161315e-07
-7.067770e-08
2.432507e-07
-7.393761e-08
1.021794e-06
-5.496139e-07
-7.451900e-07
2.411716e-07
3.893356e-07
6.822695e-07
5.386530e-08
7.371306e-07
-9.796099e-07
-5.167570e-07
1.502654e-07
1.177587e-07
2.433027e-07
-1.572426e-07
-1.460046e-07
1.284263e-07
9.895272e-06
2.268013e-07
-4.447189e-07
-7.986162e-07
3.545244e-08
-5.480475e-07
3.719638e-07
2.630625e-07
5.622587e-07
3.072280e-07
5.581471e-07
5.269609e-07
-1.393785e-07
3.322082e-07
3.081698e-07
4.479285e-07
2.910360e-07
-5.211213e-08
-1.432594e-07
1.890373e-06
7.546965e-07
2.962675e-07
-5.152643e-07
1.409036e-06
-3.821256e-08
1.379698e-07
9.752173e-07
1.224065e-06
1.451921e-06
1.757516e-06
1.154306e-06
-1.539934e-08
9.974607e-07
4.301922e-07
-2.133833e-06
2.458519e-06
4.401181e-06
4.419463e-07
4.966861e-07
1.136560e-06
5.668343e-07
-8.140188e-07
1.883775e-06
7.419881e-07
1.075321e-08
5.444855e-07
-5.308240e-07
1.101331e-06
5.053458e-07
2.299584e-07
1.166893e-06
1.033872e-06
1.050031e-06
8.853482e-07
-3.321636e-07
4.313411e-07
4.558325e-07
-1.092293e-06
-7.701342e-08
1.380629e-08
2.084192e-07
7.430680e-07
4.483329e-07
-4.995441e-07
-2.277869e-07
-2.201485e-07
-8.792829e-08
8.370716e-08
4.559842e-08
3.408826e-07
-4.300170e-07
-4.296879e-08
2.268013e-07
1.027323e-05
-7.479211e-07
1.327737e-07
2.961345e-08
-5.848053e-07
-1.676207e-09
-1.418300e-07
3.885268e-07
6.523384e-08
1.116488e-07
2.730636e-07
5.045940e-07
6.831847e-08
3.448990e-07
1.432598e-07
5.562284e-07
7.525697e-07
-2.873098e-07
7.712980e-07
6.796775e-07
2.224643e-07
-4.464168e-07
5.260381e-07
1.595052e-06
-1.678782e-06
2.643920e-06
3.807328e-07
5.686319e-07
2.723410e-07
2.263468e-06
-6.862936e-07
-1.554897e-06
1.288057e-06
-1.069464e-06
5.012499e-06
-5.625226e-07
1.097057e-06
1.181765e-08
1.142716e-06
2.129096e-06
-4.434183e-07
-1.074421e-06
1.637270e-06
1.767590e-06
1.240511e-06
1.829787e-06
8.443031e-07
8.460876e-07
-1.325734e-06
-1.479286e-06
1.650384e-06
3.372816e-07
3.921325e-07
1.368222e-06
3.999113e-07
-1.207652e-07
9.501974e-07
-5.383970e-07
-1.944960e-08
6.835765e-07
-6.226560e-07
1.904823e-08
1.603932e-08
-1.623107e-07
-1.029275e-07
-3.991625e-08
8.838602e-07
9.267893e-07
4.437870e-08
-3.753038e-07
-4.398993e-07
-4.447189e-07
-7.479211e-07
1.013087e-05
1.919531e-07
-1.437558e-07
5.480766e-08
2.348160e-07
-5.929022e-07
2.339762e-07
-2.637842e-07
-5.766558e-08
-2.234293e-08
4.392609e-08
4.758398e-07
3.010347e-07
2.287807e-07
1.616280e-07
1.368725e-07
7.481269e-07
7.864474e-08
1.078752e-06
5.632019e-07
1.665379e-07
1.777138e-07
1.556241e-06
1.941450e-06
-1.081190e-06
5.563264e-07
2.696040e-06
1.304217e-06
2.076396e-07
-1.579726e-06
2.074583e-06
1.796413e-06
1.179987e-06
-3.634727e-06
2.268075e-06
1.237698e-07
7.204710e-07
-1.392268e-06
1.174481e-06
8.762451e-07
-3.930405e-07
-2.342794e-07
1.363247e-06
3.974818e-07
-6.999409e-07
1.158925e-06
1.533383e-06
4.644800e-07
2.253390e-07
3.317570e-07
6.904777e-07
3.026883e-07
1.116797e-06
2.360344e-07
-5.276144e-07
-4.387344e-07
1.232474e-06
-1.106671e-07
-1.682547e-07
2.825055e-07
5.249078e-07
-4.590548e-07
4.009147e-07
1.672193e-07
1.287937e-07
1.637186e-07
-4.018438e-07
7.708503e-07
-1.879305e-07
-1.394942e-07
-7.986162e-07
1.327737e-07
1.919531e-07
9.561656e-06
-1.262448e-07
1.847597e-07
-9.058356e-08
-2.813373e-07
-1.150550e-07
-9.853265e-08
2.106918e-07
2.395260e-07
4.605479e-07
-1.070493e-08
6.769447e-09
3.779236e-07
3.159222e-07
5.369398e-07
2.028046e-07
4.412517e-07
-8.968039e-08
9.766234e-07
9.790829e-07
-4.415143e-07
1.662008e-06
1.049554e-06
-8.553231e-07
-3.097167e-08
-3.592064e-07
3.614321e-06
1.664883e-06
-1.407701e-06
-6.807240e-07
-1.964527e-06
3.290485e-06
2.822083e-06
2.168256e-06
1.570849e-08
4.179574e-07
-1.932249e-07
-1.127238e-06
1.049653e-06
1.192686e-06
2.696803e-06
3.380319e-07
-8.307235e-07
1.711467e-06
6.017340e-07
3.684144e-08
8.238548e-07
2.237220e-07
-1.349641e-06
1.183138e-06
1.731089e-06
-1.400562e-07
2.765658e-08
1.202624e-06
5.137338e-08
5.532603e-07
6.245782e-07
5.218320e-08
1.299113e-07
3.194428e-07
-6.907508e-08
-8.122472e-08
2.952452e-07
5.106278e-07
7.379749e-08
-4.056191e-07
-1.650758e-08
1.654847e-08
-1.713513e-07
3.545244e-08
2.961345e-08
-1.437558e-07
-1.262448e-07
9.628090e-06
-1.037991e-07
-3.602849e-07
4.604254e-07
-3.973416e-07
2.018100e-07
2.719129e-07
5.283515e-08
2.859616e-08
1.008003e-07
-1.676440e-07
3.798503e-07
-8.841462e-08
5.251374e-07
-3.651011e-07
9.941232e-07
6.618963e-07
1.335654e-06
4.302194e-07
1.684734e-07
1.562926e-06
1.557536e-06
1.427648e-06
1.738344e-06
-3.565329e-06
-1.158892e-06
2.720438e-06
1.128251e-06
8.534868e-07
-2.501163e-07
-3.850596e-07
-1.521706e-07
3.954496e-06
9.693486e-07
2.093439e-07
-1.915463e-07
-8.804014e-07
1.673821e-06
-1.897779e-06
4.780072e-07
4.906441e-07
-9.299033e-07
8.449281e-07
7.712271e-07
2.252283e-06
6.360478e-07
8.852082e-07
4.760845e-07
-7.173301e-07
7.243556e-07
-5.748234e-07
4.794547e-07
2.098621e-07
4.803534e-07
5.505062e-07
-1.285256e-07
-1.233205e-07
1.208167e-07
-4.221856e-07
9.355247e-08
6.434347e-07
5.477375e-07
2.158676e-07
-4.028547e-07
6.552620e-08
5.136753e-07
-4.088678e-08
1.235857e-07
-5.480475e-07
-5.848053e-07
5.480766e-08
1.847597e-07
-1.037991e-07
8.479887e-06
-7.102558e-08
4.623453e-08
-2.046103e-07
1.781234e-07
1.926846e-07
-1.818437e-07
1.947838e-07
2.882753e-07
4.395303e-08
4.493127e-07
-5.895790e-08
5.949617e-08
1.563653e-07
1.801036e-07
7.018683e-07
8.232359e-07
1.818827e-06
1.026626e-06
1.483632e-06
4.042099e-07
-1.855047e-07
2.412748e-06
4.010368e-07
-6.208361e-07
-3.189383e-07
2.616693e-07
1.409277e-06
-2.406879e-06
-1.440911e-06
-1.498908e-07
3.319768e-06
5.521541e-07
6.516985e-07
9.303278e-07
9.215016e-07
9.675096e-07
5.129613e-07
-9.061315e-07
-1.059347e-06
4.320987e-07
1.297045e-06
1.871199e-06
-1.215332e-06
2.719934e-07
2.848554e-07
8.253571e-07
6.438338e-07
1.698274e-07
8.832237e-07
1.724622e-07
3.054357e-07
9.195042e-07
-1.780458e-07
4.451379e-08
3.897987e-07
6.393659e-07
2.185775e-07
4.618661e-07
6.079327e-08
4.511708e-07
-2.391723e-07
7.088266e-07
1.207701e-06
-8.190774e-08
-5.836089e-07
-3.010648e-07
3.719638e-07
-1.676207e-09
2.348160e-07
-9.058356e-08
-3.602849e-07
-7.102558e-08
8.889108e-06
-9.886265e-11
1.789625e-07
1.830853e-08
3.292372e-07
-3.321276e-08
-2.990405e-07
2.152943e-08
2.059593e-07
7.736560e-08
2.480833e-08
2.652500e-07
-2.673473e-07
7.702934e-07
9.043346e-07
-3.254132e-07
1.739108e-06
3.331321e-07
1.350523e-06
-5.910316e-07
4.245933e-07
1.516107e-06
9.198170e-07
2.867041e-06
1.523658e-06
1.844372e-06
3.584461e-06
-2.031130e-06
1.090294e-06
-2.738326e-06
-3.545099e-08
5.601796e-07
5.245689e-07
5.132863e-07
1.580440e-06
2.091173e-06
2.783400e-07
1.562019e-06
2.028034e-07
-7.295654e-07
1.183809e-06
2.016728e-06
-3.304961e-07
1.023251e-06
5.361647e-07
-2.011630e-06
6.502079e-07
2.260232e-07
6.205260e-07
3.589632e-08
1.140528e-06
3.579257e-07
1.463324e-06
9.068397e-07
1.952907e-07
7.524807e-07
-5.416274e-07
3.875189e-07
-9.520675e-08
2.513579e-07
4.631721e-07
3.071574e-07
-2.051057e-07
1.549542e-07
3.612726e-07
1.626715e-07
2.630625e-07
-1.418300e-07
-5.929022e-07
-2.813373e-07
4.604254e-07
4.623453e-08
-9.886265e-11
8.890831e-06
-1.040930e-09
1.558570e-07
1.385137e-07
-9.527813e-08
2.348086e-07
4.051183e-07
-1.239234e-07
1.671003e-07
8.094662e-08
5.161165e-07
1.153710e-07
3.527495e-07
4.277798e-07
1.354079e-06
7.062125e-07
-4.018777e-07
2.614646e-06
-1.546188e-08
1.167382e-06
2.242351e-06
6.733337e-07
1.546406e-06
-4.554218e-07
7.069205e-07
1.663649e-07
2.623501e-06
8.480230e-07
5.878743e-06
3.538684e-07
3.340326e-07
2.847350e-07
9.040131e-08
-1.910342e-06
1.309651e-07
2.191349e-06
1.737660e-06
-1.336616e-07
1.635826e-06
-8.612108e-08
2.370429e-06
-3.310213e-07
1.747680e-07
5.433792e-07
5.075919e-07
-6.476909e-07
1.058841e-06
1.080913e-06
6.728045e-07
1.165687e-06
3.562730e-07
4.218359e-08
1.965330e-07
7.324663e-07
9.920449e-07
5.111276e-08
8.695599e-08
4.474693e-07
2.621994e-07
5.261457e-07
2.701867e-07
2.822930e-07
6.047413e-07
-7.670803e-08
-1.042327e-07
5.622587e-07
3.885268e-07
2.339762e-07
-1.150550e-07
-3.973416e-07
-2.046103e-07
1.789625e-07
-1.040930e-09
9.050362e-06
8.732477e-08
8.342346e-07
-3.056592e-08
-3.047007e-07
-4.400757e-08
-7.622198e-08
-1.562403e-07
3.281591e-07
2.763796e-08
-2.956812e-08
3.326281e-07
1.178749e-08
7.582875e-07
1.100235e-06
6.267953e-07
1.103198e-06
2.381358e-06
1.787160e-06
4.945097e-07
7.414290e-07
1.153531e-06
-1.321135e-06
1.139243e-06
8.778694e-07
4.044339e-07
2.267717e-06
-2.460491e-06
4.053341e-06
3.975109e-07
5.344714e-07
6.648339e-07
2.535351e-06
1.541644e-08
-1.252821e-07
5.585295e-07
-1.312783e-06
-3.218872e-07
3.742605e-07
-5.156741e-07
8.908138e-07
-5.986314e-08
1.386922e-06
3.491222e-07
-6.758439e-07
5.540532e-07
-4.663258e-07
3.178610e-07
4.241407e-07
4.542914e-07
8.038926e-07
1.878670e-07
5.788395e-07
1.037055e-06
2.371518e-07
6.003621e-07
3.560421e-07
-1.231500e-07
-2.196549e-08
2.106265e-07
4.288233e-07
2.275460e-07
4.455685e-08
-1.062054e-07
3.072280e-07
6.523384e-08
-2.637842e-07
-9.853265e-08
2.018100e-07
1.781234e-07
1.830853e-08
1.558570e-07
8.732477e-08
7.775828e-06
2.101760e-07
3.888845e-07
-1.494376e-07
-3.250598e-07
2.434492e-08
-2.757109e-08
2.928896e-08
9.329441e-08
1.891799e-07
-1.352785e-07
6.988157e-07
9.374052e-07
1.059799e-06
1.577283e-06
6.836741e-07
-1.623970e-08
2.281319e-07
1.780826e-06
-8.901914e-07
-1.032061e-06
-6.680509e-07
2.491227e-06
-3.063582e-07
1.370043e-07
2.625276e-06
5.795230e-06
-5.644323e-07
2.692131e-07
7.404512e-07
3.897789e-07
6.089655e-07
9.623770e-07
2.998697e-06
2.179138e-06
-4.720319e-07
6.696889e-07
-4.351297e-08
1.957327e-06
-2.115738e-08
8.408485e-08
-7.295189e-07
-3.697177e-07
-4.035156e-07
1.306571e-06
1.962326e-06
8.158258e-07
5.410042e-07
6.596850e-07
-1.059641e-06
1.506890e-06
2.156706e-07
6.562832e-07
2.015230e-07
8.655212e-07
4.786496e-07
5.551355e-07
9.813592e-08
6.454469e-08
4.587252e-07
7.376516e-07
6.554543e-07
4.875877e-07
5.581471e-07
1.116488e-07
-5.766558e-08
2.106918e-07
2.719129e-07
1.926846e-07
3.292372e-07
1.385137e-07
8.342346e-07
2.101760e-07
8.914884e-06
5.618548e-07
4.814210e-07
3.437571e-07
-6.383718e-08
-3.322922e-07
-3.168659e-07
1.057799e-08
-6.851539e-08
-9.801202e-08
-4.805917e-07
1.269871e-06
6.426438e-07
2.198724e-09
1.691084e-06
2.075229e-06
-1.585274e-06
1.508746e-07
2.088258e-06
2.329301e-07
1.957095e-06
-5.842354e-08
2.349795e-06
2.157369e-06
-1.648327e-06
7.700660e-06
-4.968855e-07
3.608209e-07
7.275999e-07
-2.200357e-07
-1.417004e-06
3.314841e-07
5.587575e-07
5.375687e-07
7.316127e-07
5.356786e-07
4.295051e-07
-5.409174e-07
-1.212272e-06
1.651929e-06
-1.322397e-06
-2.543192e-07
1.113890e-06
7.682487e-07
6.857047e-07
-4.940310e-07
4.010197e-07
7.034447e-07
4.220441e-07
2.402340e-07
-2.216300e-07
1.203977e-06
1.503912e-07
7.518753e-07
1.189030e-07
5.915188e-07
5.552652e-07
2.722800e-07
-1.911001e-07
1.690244e-07
7.232866e-07
3.255533e-07
5.269609e-07
2.730636e-07
-2.234293e-08
2.395260e-07
5.283515e-08
-1.818437e-07
-3.321276e-08
-9.527813e-08
-3.056592e-08
3.888845e-07
5.618548e-07
7.824467e-06
-7.278821e-07
-2.424187e-07
-4.044908e-07
-7.997902e-08
6.396356e-08
2.692669e-07
4.701703e-08
2.808225e-07
-7.526242e-07
9.571225e-07
6.747304e-07
1.069848e-07
-2.220335e-07
2.761133e-07
9.378697e-07
-2.456416e-07
1.477122e-06
2.249055e-06
1.102608e-06
1.839649e-06
8.823559e-07
-2.125116e-06
9.099932e-07
3.799181e-06
-2.027861e-06
4.823699e-07
4.307703e-07
2.586159e-07
-1.747950e-06
3.083446e-07
3.387849e-08
-2.029247e-07
9.092815e-07
-5.211349e-07
-3.459460e-07
-4.117431e-07
1.276107e-06
7.015179e-08
1.961219e-06
5.223345e-07
8.305025e-07
9.148179e-07
1.168898e-06
1.013714e-06
5.791019e-07
1.493282e-07
1.039953e-06
7.293073e-07
1.041583e-07
3.794340e-07
7.854550e-07
-1.785944e-07
1.189327e-06
1.067833e-06
-4.435638e-07
2.408628e-08
1.838607e-07
1.364182e-07
6.838433e-07
-1.143324e-07
-1.393785e-07
5.045940e-07
4.392609e-08
4.605479e-07
2.859616e-08
1.947838e-07
-2.990405e-07
2.348086e-07
-3.047007e-07
-1.494376e-07
4.814210e-07
-7.278821e-07
7.953174e-06
-8.960030e-08
9.907959e-08
-1.373530e-07
-3.430246e-07
1.099190e-07
-5.745908e-07
3.580755e-07
-2.329324e-08
-7.971067e-07
-2.501804e-07
3.627299e-07
4.973464e-07
-8.339664e-07
-1.314684e-07
2.638154e-06
4.189852e-07
-1.062489e-06
8.942947e-07
1.250903e-06
-4.247029e-08
-2.117749e-06
9.640205e-07
2.410041e-06
-4.943181e-06
5.379180e-08
2.135891e-07
-2.026877e-07
-7.681279e-08
-1.618465e-07
4.277881e-07
4.600335e-07
1.600319e-07
-5.600741e-07
1.292865e-06
9.017889e-07
-7.591681e-07
8.271587e-07
-3.937554e-07
9.449897e-08
1.267738e-07
7.856553e-07
5.105616e-07
1.451942e-06
9.120356e-07
8.979240e-07
3.578481e-07
-7.852810e-08
5.571876e-07
-8.387362e-08
1.038239e-07
1.989769e-07
2.830507e-07
5.675532e-07
4.376491e-07
4.164459e-07
5.821411e-07
6.901364e-07
3.254584e-07
7.060237e-08
3.322082e-07
6.831847e-08
4.758398e-07
-1.070493e-08
1.008003e-07
2.882753e-07
2.152943e-08
4.051183e-07
-4.400757e-08
-3.250598e-07
3.437571e-07
-2.424187e-07
-8.960030e-08
7.281692e-06
-2.884974e-07
-2.361268e-07
-4.904181e-07
2.688881e-08
-7.000240e-08
3.980521e-07
1.345772e-07
-2.111093e-07
1.102117e-06
8.146755e-07
-1.613689e-07
1.657392e-06
1.122769e-07
3.011991e-06
2.483523e-06
3.337850e-08
1.305520e-06
-8.324742e-07
2.542828e-06
-6.901806e-07
1.865265e-06
3.685832e-06
1.646385e-06
6.616761e-07
2.780392e-07
1.932218e-07
-1.381142e-06
-4.112905e-07
3.121665e-07
-5.016838e-07
9.842227e-07
1.411401e-07
1.067418e-06
1.043334e-07
4.432448e-07
-1.392722e-06
9.404855e-07
8.019376e-07
7.613860e-07
1.094489e-07
-2.801878e-07
8.253476e-07
-1.376299e-07
9.492899e-07
2.480364e-07
3.656441e-07
2.188632e-07
1.491222e-07
3.925185e-07
2.329231e-07
5.300846e-07
6.578152e-07
5.855487e-07
1.945929e-07
2.806898e-07
1.263126e-07
-4.365892e-07
6.689309e-07
3.081698e-07
3.448990e-07
3.010347e-07
6.769447e-09
-1.676440e-07
4.395303e-08
2.059593e-07
-1.239234e-07
-7.622198e-08
2.434492e-08
-6.383718e-08
-4.044908e-07
9.907959e-08
-2.884974e-07
6.737105e-06
-5.196447e-07
-2.320345e-07
-5.339332e-07
-1.092559e-07
-3.477036e-07
-4.050262e-07
-5.707244e-07
4.122337e-07
2.306146e-07
8.476213e-07
-4.334500e-07
1.030724e-06
-9.573166e-07
1.779594e-06
-1.175658e-06
2.367921e-06
-1.545836e-06
-5.822491e-08
-1.147024e-06
-1.245335e-06
-2.490266e-06
-2.094268e-06
3.516137e-07
1.954234e-07
2.382085e-06
6.347583e-07
3.912337e-07
-7.497830e-07
-6.508125e-07
1.653119e-07
-5.425392e-07
1.401950e-06
1.327326e-07
1.114657e-06
5.691073e-07
8.349885e-07
-2.090322e-07
6.762844e-07
8.430308e-08
1.253661e-07
-2.538205e-07
-2.579922e-07
3.971855e-08
7.673590e-07
3.602736e-07
5.137578e-07
3.100523e-07
4.142752e-07
4.099166e-07
-2.880727e-07
8.818347e-08
5.775570e-07
8.013498e-07
3.273831e-07
5.521761e-07
5.861376e-07
2.130942e-07
4.479285e-07
1.432598e-07
2.287807e-07
3.779236e-07
3.798503e-07
4.493127e-07
7.736560e-08
1.671003e-07
-1.562403e-07
-2.757109e-08
-3.322922e-07
-7.997902e-08
-1.373530e-07
-2.361268e-07
-5.196447e-07
5.438995e-06
-7.209501e-08
-5.665494e-07
-9.548775e-08
-4.843273e-07
-3.079034e-07
8.939601e-08
-2.990746e-07
2.697238e-07
-9.217578e-07
-3.970085e-07
-1.854601e-07
3.334292e-07
-1.749952e-06
1.767444e-08
1.045212e-06
7.664092e-07
1.163932e-06
-3.714196e-06
2.159299e-06
1.890966e-06
5.336331e-06
3.813575e-07
-5.328379e-09
1.937916e-06
1.626269e-06
4.736706e-07
2.917927e-07
4.207214e-07
8.759516e-07
9.545486e-07
5.159317e-07
-4.164126e-07
-2.172310e-07
6.109326e-08
4.496058e-07
3.545825e-07
1.383704e-06
-7.696385e-08
1.116505e-06
-2.668835e-07
4.670343e-07
6.041164e-07
4.932984e-07
1.677851e-07
-7.327792e-07
9.310303e-07
4.292074e-07
1.957148e-07
6.029243e-08
7.347821e-07
5.863630e-07
4.075376e-08
7.444725e-07
1.992245e-07
3.553335e-07
3.380656e-07
2.910360e-07
5.562284e-07
1.616280e-07
3.159222e-07
-8.841462e-08
-5.895790e-08
2.480833e-08
8.094662e-08
3.281591e-07
2.928896e-08
-3.168659e-07
6.396356e-08
-3.430246e-07
-4.904181e-07
-2.320345e-07
-7.209501e-08
4.999418e-06
-3.176806e-07
-5.424964e-07
4.961464e-07
5.090659e-08
-7.533494e-07
-4.359724e-07
-4.557006e-07
-7.388586e-07
-3.903115e-07
-1.516807e-06
6.202087e-07
1.138131e-06
-2.367652e-07
-2.800534e-06
-3.557146e-07
-1.334578e-06
-3.133777e-06
-2.598263e-07
-1.587410e-06
1.625856e-06
2.938787e-07
4.112766e-07
-4.916254e-07
1.192387e-06
1.107473e-07
5.738246e-08
1.340735e-06
1.023641e-06
5.023975e-07
2.277277e-07
-2.862196e-07
-3.186800e-07
7.595858e-07
1.939776e-07
4.932343e-07
5.762791e-07
3.716373e-07
8.452980e-07
2.540959e-08
9.931535e-07
-1.023720e-07
8.462957e-07
2.822432e-07
2.366961e-07
8.762733e-07
5.663279e-07
3.570956e-07
8.821509e-07
2.149624e-07
7.333664e-07
3.812071e-07
7.835685e-07
6.686922e-07
3.864309e-07
2.663733e-07
-5.211213e-08
7.525697e-07
1.368725e-07
5.369398e-07
5.251374e-07
5.949617e-08
2.652500e-07
5.161165e-07
2.763796e-08
9.329441e-08
1.057799e-08
2.692669e-07
1.099190e-07
2.688881e-08
-5.339332e-07
-5.665494e-07
-3.176806e-07
6.322047e-06
-2.756976e-07
-8.435381e-07
-9.911516e-07
1.410212e-08
-1.466330e-06
-1.533585e-06
7.957002e-07
-1.895480e-06
-1.703125e-06
9.833374e-07
-2.093938e-06
-4.567624e-07
1.862155e-07
-2.174518e-06
2.449541e-06
9.615082e-07
-3.332420e-06
-4.552113e-07
-3.381131e-06
6.567803e-07
-1.843038e-07
-4.073161e-07
2.283385e-06
-1.462579e-07
6.823097e-07
8.331266e-07
1.197335e-06
1.114318e-06
1.094557e-06
-7.112546e-07
2.433065e-09
-3.250613e-07
4.379621e-07
2.942574e-07
-7.331868e-07
-4.628856e-07
1.157995e-06
3.658321e-07
-8.190587e-07
2.174256e-07
-8.549891e-07
-1.956842e-08
1.393773e-06
-5.786629e-07
2.540263e-07
7.161707e-07
-4.249304e-08
6.166744e-07
6.428292e-08
4.984436e-07
8.708108e-07
3.952073e-07
1.319263e-06
5.524246e-07
-1.432594e-07
-2.873098e-07
7.481269e-07
2.028046e-07
-3.651011e-07
1.563653e-07
-2.673473e-07
1.153710e-07
-2.956812e-08
1.891799e-07
-6.851539e-08
4.701703e-08
-5.745908e-07
-7.000240e-08
-1.092559e-07
-9.548775e-08
-5.424964e-07
-2.756976e-07
1.231633e-05
-2.205307e-06
-7.921075e-08
-1.613669e-06
-1.896347e-06
-1.123082e-06
-9.041740e-07
-1.237462e-06
-2.775426e-07
-2.127828e-06
1.209612e-06
-1.721352e-06
-3.218439e-06
-4.905185e-07
4.243157e-06
1.377652e-06
-2.324043e-06
1.449009e-06
-1.239298e-06
5.013622e-07
6.209732e-07
2.312283e-06
1.318993e-06
3.543286e-07
1.753027e-06
-1.202010e-07
2.570623e-06
-1.161185e-07
-2.610033e-07
2.909678e-06
1.303200e-06
-6.639988e-07
3.982941e-07
2.988656e-08
4.954327e-07
2.803351e-06
3.477243e-08
1.688727e-06
1.315245e-06
-7.281621e-08
-3.485758e-07
-3.827762e-07
-3.139747e-07
6.308059e-07
5.934650e-07
6.068734e-07
4.074686e-07
6.730544e-07
1.091738e-06
6.390976e-07
1.318396e-07
5.187652e-07
1.595901e-07
7.232535e-07
1.890373e-06
7.712980e-07
7.864474e-08
4.412517e-07
9.941232e-07
1.801036e-07
7.702934e-07
3.527495e-07
3.326281e-07
-1.352785e-07
-9.801202e-08
2.808225e-07
3.580755e-07
3.980521e-07
-3.477036e-07
-4.843273e-07
4.961464e-07
-8.435381e-07
-2.205307e-06
2.465981e-05
-1.221897e-06
4.129706e-07
-1.385285e-06
1.065356e-06
-3.590744e-06
6.419737e-07
-2.948978e-06
-7.187357e-07
-1.965049e-06
2.301705e-08
-2.214478e-06
-3.683590e-06
-4.050338e-06
-5.914173e-06
-6.408693e-07
1.576903e-06
-1.453277e-06
1.324797e-06
-3.088372e-07
4.798038e-06
3.650304e-06
3.735881e-06
-3.730391e-07
2.443491e-06
-1.374147e-06
-4.307547e-06
-1.681959e-06
3.734702e-07
-7.436410e-07
-1.122281e-06
2.599657e-06
1.563736e-07
-4.151371e-07
-1.529588e-07
5.992368e-07
4.896717e-07
1.348419e-06
2.550345e-07
-1.997195e-08
-5.246108e-07
3.494170e-07
-4.336789e-07
3.991172e-07
6.141355e-07
4.436528e-07
1.139811e-07
4.475577e-07
2.039078e-06
7.702301e-07
9.871178e-07
1.229098e-07
6.561928e-07
7.546965e-07
6.796775e-07
1.078752e-06
-8.968039e-08
6.618963e-07
7.018683e-07
9.043346e-07
4.277798e-07
1.178749e-08
6.988157e-07
-4.805917e-07
-7.526242e-07
-2.329324e-08
1.345772e-07
-4.050262e-07
-3.079034e-07
5.090659e-08
-9.911516e-07
-7.921075e-08
-1.221897e-06
3.348527e-05
-8.649700e-07
5.438881e-07
8.853611e-07
-1.828880e-06
-4.278368e-06
-7.864911e-07
8.358564e-07
-2.513066e-08
-4.723847e-06
-3.462785e-06
-6.472756e-06
1.284463e-06
4.507762e-07
-2.115810e-06
-1.080259e-07
9.028540e-06
4.370162e-07
9.618061e-07
3.430410e-06
3.161558e-06
3.497207e-06
3.504781e-06
-3.528117e-07
-1.077467e-06
-3.158165e-06
-1.567295e-06
4.335661e-08
-9.206886e-07
-4.052799e-06
3.349643e-06
-1.350687e-06
-2.380199e-06
2.735046e-06
-7.538435e-07
1.451845e-06
9.954803e-07
-9.090794e-08
-5.773237e-07
1.557700e-06
-3.158605e-07
9.178828e-08
-6.841713e-07
-5.478578e-07
4.729403e-07
1.039182e-06
1.530380e-06
6.600573e-07
1.181957e-07
1.033762e-06
2.022695e-06
5.288045e-07
2.962675e-07
2.224643e-07
5.632019e-07
9.766234e-07
1.335654e-06
8.232359e-07
-3.254132e-07
1.354079e-06
7.582875e-07
9.374052e-07
1.269871e-06
9.571225e-07
-7.971067e-07
-2.111093e-07
-5.707244e-07
8.939601e-08
-7.533494e-07
1.410212e-08
-1.613669e-06
4.129706e-07
-8.649700e-07
4.555742e-05
-1.990424e-07
-5.255139e-06
2.052658e-06
-1.584728e-06
-1.703634e-06
1.424561e-06
-1.535083e-07
6.803268e-07
9.489338e-07
-3.012420e-06
-1.489123e-05
2.447736e-06
-1.337587e-06
-9.013849e-06
-6.094049e-06
4.802353e-07
2.739989e-07
8.246182e-07
-2.563209e-06
4.104985e-06
7.188470e-07
4.699329e-07
-2.597315e-06
-2.276318e-07
2.746257e-06
1.791022e-06
2.326516e-07
-1.603263e-06
7.682353e-07
-1.643899e-06
-1.580424e-06
-2.933422e-07
-1.326793e-07
1.152717e-06
1.220586e-06
1.224551e-06
1.536774e-06
-3.535498e-07
1.669064e-06
2.128192e-06
-1.154864e-07
-4.187017e-07
5.438675e-07
2.199991e-06
2.354694e-06
-8.128037e-07
5.971137e-07
6.707264e-07
5.796750e-07
-1.383702e-07
-5.152643e-07
-4.464168e-07
1.665379e-07
9.790829e-07
4.302194e-07
1.818827e-06
1.739108e-06
7.062125e-07
1.100235e-06
1.059799e-06
6.426438e-07
6.747304e-07
-2.501804e-07
1.102117e-06
4.122337e-07
-2.990746e-07
-4.359724e-07
-1.466330e-06
-1.896347e-06
-1.385285e-06
5.438881e-07
-1.990424e-07
5.734266e-05
2.745304e-07
-1.194842e-06
2.591643e-06
-1.721699e-06
3.023836e-06
-1.422115e-06
-4.172683e-06
3.515619e-06
-1.324253e-06
-1.493021e-06
-1.076038e-05
-6.722501e-06
5.754203e-06
-2.191603e-06
-2.522098e-07
-8.831769e-07
-2.658752e-07
-4.756347e-06
3.038061e-07
2.417167e-06
-2.586555e-06
-8.060332e-07
2.450353e-06
2.398921e-06
-1.452009e-06
8.676808e-07
1.619862e-06
1.318303e-06
1.614425e-06
-1.923854e-06
2.308931e-06
7.651021e-07
1.026493e-06
-5.044565e-07
2.248317e-06
1.282836e-06
-1.218527e-06
-1.205730e-07
-5.596141e-07
-1.848818e-06
-2.525723e-07
9.672761e-07
1.120622e-07
-5.347761e-07
2.320138e-07
3.079933e-08
1.363789e-06
4.440353e-08
1.249893e-06
1.409036e-06
5.260381e-07
1.777138e-07
-4.415143e-07
1.684734e-07
1.026626e-06
3.331321e-07
-4.018777e-07
6.267953e-07
1.577283e-06
2.198724e-09
1.069848e-07
3.627299e-07
8.146755e-07
2.306146e-07
2.697238e-07
-4.557006e-07
-1.533585e-06
-1.123082e-06
1.065356e-06
8.853611e-07
-5.255139e-06
2.745304e-07
7.255992e-05
-2.830001e-06
-2.580364e-08
-2.024152e-06
-5.590463e-06
-7.950389e-06
-7.155251e-06
1.397304e-06
4.709041e-07
1.363088e-06
-4.046922e-06
5.013043e-06
7.745473e-06
3.287437e-06
7.490609e-07
6.435054e-07
-8.324964e-07
-4.956058e-07
-3.014083e-06
6.122033e-07
1.075362e-07
-1.971933e-06
7.223514e-07
3.537708e-06
2.253826e-07
-1.332560e-06
-6.558907e-07
-2.444652e-06
3.676087e-06
-1.398720e-07
5.416871e-06
-1.036791e-06
-8.031478e-07
1.685943e-07
-3.876676e-07
2.232420e-06
2.986683e-06
-1.081258e-06
3.191312e-07
1.765737e-06
-9.952613e-07
2.799390e-06
-1.123851e-06
1.509801e-07
3.106606e-08
1.396085e-06
9.671598e-07
1.032683e-06
-1.358821e-07
-3.821256e-08
1.595052e-06
1.556241e-06
1.662008e-06
1.562926e-06
1.483632e-06
1.350523e-06
2.614646e-06
1.103198e-06
6.836741e-07
1.691084e-06
-2.220335e-07
4.973464e-07
-1.613689e-07
8.476213e-07
-9.217578e-07
-7.388586e-07
7.957002e-07
-9.041740e-07
-3.590744e-06
-1.828880e-06
2.052658e-06
-1.194842e-06
-2.830001e-06
9.241380e-05
2.105091e-06
3.718343e-06
-1.251238e-06
-2.872948e-06
-1.751017e-06
-2.486313e-06
-1.100270e-05
-1.129727e-06
9.614005e-06
-9.715626e-06
1.938688e-05
-3.243695e-05
-6.104232e-07
7.702375e-07
3.781516e-07
-2.070450e-06
-3.997229e-06
2.680701e-06
6.052880e-07
-3.795122e-07
4.854861e-06
3.186240e-07
6.525605e-06
3.216034e-07
1.877591e-06
-4.018981e-06
-1.757573e-06
-1.707612e-06
-1.735723e-07
5.385937e-07
2.067405e-06
1.593751e-06
1.967765e-06
-1.023321e-06
3.383721e-07
-1.220595e-07
-1.921475e-06
1.988616e-06
1.803172e-06
8.070523e-07
1.369375e-06
1.459423e-06
9.772871e-07
-3.700369e-07
-5.449891e-07
1.177151e-06
-1.783282e-06
1.379698e-07
-1.678782e-06
1.941450e-06
1.049554e-06
1.557536e-06
4.042099e-07
-5.910316e-07
-1.546188e-08
2.381358e-06
-1.623970e-08
2.075229e-06
2.761133e-07
-8.339664e-07
1.657392e-06
-4.334500e-07
-3.970085e-07
-3.903115e-07
-1.895480e-06
-1.237462e-06
6.419737e-07
-4.278368e-06
-1.584728e-06
2.591643e-06
-2.580364e-08
2.105091e-06
1.119860e-04
-2.442094e-06
-5.025531e-06
-5.626747e-06
1.449604e-06
-9.651813e-06
-1.210833e-05
-6.631077e-06
-7.405766e-06
4.382071e-06
1.204484e-05
-3.546459e-06
-4.456272e-07
7.678465e-07
-1.999649e-06
-1.706429e-06
2.642150e-06
-3.739301e-06
4.655194e-06
-7.176442e-06
2.067979e-06
2.015228e-06
1.566373e-06
-3.493786e-06
1.168593e-06
-2.751922e-06
-6.821662e-07
4.162565e-06
7.837137e-07
-3.224373e-06
-1.316574e-06
-2.629489e-07
-3.563359e-07
-1.659098e-07
2.671734e-07
4.081534e-06
-2.545115e-07
-1.252601e-06
3.210232e-07
-2.148846e-07
4.795023e-07
-3.371047e-06
6.828154e-07
-5.196725e-07
2.250493e-07
2.581628e-07
-1.906864e-06
9.752173e-07
2.643920e-06
-1.081190e-06
-8.553231e-07
1.427648e-06
-1.855047e-07
4.245933e-07
1.167382e-06
1.787160e-06
2.281319e-07
-1.585274e-06
9.378697e-07
-1.314684e-07
1.122769e-07
1.030724e-06
-1.854601e-07
-1.516807e-06
-1.703125e-06
-2.775426e-07
-2.948978e-06
-7.864911e-07
-1.703634e-06
-1.721699e-06
-2.024152e-06
3.718343e-06
-2.442094e-06
1.271811e-04
-8.459748e-06
-8.532409e-06
-1.654504e-06
-2.097108e-06
2.203972e-06
-1.728663e-05
-3.674594e-06
1.844617e-08
4.869855e-06
-1.120948e-05
-1.655964e-06
7.244843e-07
-6.148247e-06
-1.360388e-06
4.316259e-06
-2.675388e-07
-1.655237e-06
3.915104e-06
-9.810066e-06
-2.157250e-07
-9.498232e-07
-2.578970e-07
5.339990e-06
6.749625e-06
-2.111894e-06
8.799578e-07
-3.055515e-07
6.067839e-06
3.303292e-06
1.242312e-06
8.748305e-08
3.686646e-06
3.268913e-06
-3.408917e-06
-9.347123e-07
-5.433445e-07
-2.672429e-07
-2.040203e-06
1.667236e-06
4.761045e-06
-6.598640e-07
1.009703e-06
2.866617e-08
3.401856e-07
1.742238e-06
1.224065e-06
3.807328e-07
5.563264e-07
-3.097167e-08
1.738344e-06
2.412748e-06
1.516107e-06
2.242351e-06
4.945097e-07
1.780826e-06
1.508746e-07
-2.456416e-07
2.638154e-06
3.011991e-06
-9.573166e-07
3.334292e-07
6.202087e-07
9.833374e-07
-2.127828e-06
-7.187357e-07
8.358564e-07
1.424561e-06
3.023836e-06
-5.590463e-06
-1.251238e-06
-5.025531e-06
-8.459748e-06
1.494917e-04
5.569622e-06
-7.218088e-06
5.517445e-06
2.823534e-06
-1.684421e-06
-7.508576e-06
-2.788084e-07
-2.404982e-05
-8.014591e-06
1.528253e-06
2.552260e-06
-1.241865e-06
2.537631e-06
6.386969e-06
-3.815275e-07
-3.321075e-07
1.099306e-06
4.627565e-06
-1.000165e-06
-5.220388e-06
-8.443881e-06
-5.661669e-06
-9.414974e-08
-1.222304e-06
-1.812471e-06
-1.737444e-06
3.734164e-06
-4.902585e-07
-2.396346e-06
1.072527e-06
-6.169700e-07
3.711248e-07
-1.074705e-06
3.024658e-06
-1.217543e-06
-1.452953e-06
8.216931e-07
-1.244039e-07
1.700404e-06
-1.535128e-06
1.226214e-06
2.304245e-06
-4.952770e-07
5.243772e-06
1.451921e-06
5.686319e-07
2.696040e-06
-3.592064e-07
-3.565329e-06
4.010368e-07
9.198170e-07
6.733337e-07
7.414290e-07
-8.901914e-07
2.088258e-06
1.477122e-06
4.189852e-07
2.483523e-06
1.779594e-06
-1.749952e-06
1.138131e-06
-2.093938e-06
1.209612e-06
-1.965049e-06
-2.513066e-08
-1.535083e-07
-1.422115e-06
-7.950389e-06
-2.872948e-06
-5.626747e-06
-8.532409e-06
5.569622e-06
1.911837e-04
-9.055203e-06
1.779901e-07
-1.500643e-05
1.781942e-06
1.819548e-06
-9.614864e-06
-7.535452e-06
-9.652392e-07
1.403622e-07
6.627789e-07
1.069103e-06
2.605471e-06
5.658608e-06
3.167612e-06
1.051015e-05
1.682603e-06
6.062681e-06
-2.446020e-06
7.766943e-08
-2.344224e-06
4.780812e-06
-4.401802e-06
-1.856264e-07
2.053187e-06
-4.558288e-06
-4.352005e-06
-1.415084e-06
-4.180880e-06
3.737078e-06
1.759144e-06
2.274420e-07
-4.851070e-08
4.432627e-06
1.384155e-06
9.646035e-07
5.246656e-07
1.521273e-06
7.706377e-07
2.052337e-06
2.241257e-06
-1.539771e-06
1.660284e-06
-2.430141e-06
1.757516e-06
2.723410e-07
1.304217e-06
3.614321e-06
-1.158892e-06
-6.208361e-07
2.867041e-06
1.546406e-06
1.153531e-06
-1.032061e-06
2.329301e-07
2.249055e-06
-1.062489e-06
3.337850e-08
-1.175658e-06
1.767444e-08
-2.367652e-07
-4.567624e-07
-1.721352e-06
2.301705e-08
-4.723847e-06
6.803268e-07
-4.172683e-06
-7.155251e-06
-1.751017e-06
1.449604e-06
-1.654504e-06
-7.218088e-06
-9.055203e-06
1.982406e-04
-4.165850e-06
1.123760e-06
1.955753e-06
5.842533e-07
-1.256704e-05
-1.030297e-05
-1.828322e-06
-2.711174e-06
6.834505e-07
-4.910884e-06
-5.435610e-08
-7.626720e-06
3.954252e-06
-1.222805e-05
-5.095582e-06
3.266146e-06
4.803843e-06
-1.112324e-06
-2.287961e-06
-7.704131e-07
-2.296302e-06
1.871944e-06
8.043005e-07
6.063075e-06
4.101431e-07
1.469018e-06
-1.480585e-06
-2.700278e-06
-1.060476e-06
2.677308e-06
2.251369e-06
-8.801909e-07
-5.541924e-07
-2.160294e-06
5.170704e-06
-1.752439e-06
3.268403e-07
-2.100747e-06
1.206700e-06
2.359036e-06
-1.561903e-06
-9.760920e-07
1.154306e-06
2.263468e-06
2.076396e-07
1.664883e-06
2.720438e-06
-3.189383e-07
1.523658e-06
-4.554218e-07
-1.321135e-06
-6.680509e-07
1.957095e-06
1.102608e-06
8.942947e-07
1.305520e-06
2.367921e-06
1.045212e-06
-2.800534e-06
1.862155e-07
-3.218439e-06
-2.214478e-06
-3.462785e-06
9.489338e-07
3.515619e-06
1.397304e-06
-2.486313e-06
-9.651813e-06
-2.097108e-06
5.517445e-06
1.779901e-07
-4.165850e-06
2.500842e-04
-6.190015e-06
-5.476831e-06
-7.145523e-06
-2.025075e-05
-1.288177e-05
-1.636772e-05
-3.822807e-06
1.950762e-06
-3.204037e-06
-1.302905e-05
-9.877148e-07
1.276479e-06
6.405778e-06
-1.490507e-06
2.619116e-07
-7.615613e-06
-2.664063e-06
-2.389281e-06
6.097811e-06
2.407721e-06
-1.094236e-05
1.178881e-05
3.486895e-06
-7.712723e-06
-7.394253e-06
-1.854606e-06
1.237999e-06
-8.087800e-07
8.892742e-07
-4.886980e-07
1.104286e-06
-1.289230e-06
-1.280918e-06
-4.846932e-06
2.352424e-06
3.161646e-07
-3.213158e-07
-1.118609e-06
-1.365173e-06
4.640035e-06
4.881817e-07
-1.539934e-08
-6.862936e-07
-1.579726e-06
-1.407701e-06
1.128251e-06
2.616693e-07
1.844372e-06
7.069205e-07
1.139243e-06
2.491227e-06
-5.842354e-08
1.839649e-06
1.250903e-06
-8.324742e-07
-1.545836e-06
7.664092e-07
-3.557146e-07
-2.174518e-06
-4.905185e-07
-3.683590e-06
-6.472756e-06
-3.012420e-06
-1.324253e-06
4.709041e-07
-1.100270e-05
-1.210833e-05
2.203972e-06
2.823534e-06
-1.500643e-05
1.123760e-06
-6.190015e-06
2.624226e-04
-9.843694e-06
-2.833502e-05
1.082859e-05
-2.223170e-05
-3.376337e-05
-3.432206e-06
-7.007974e-07
3.991777e-06
1.302587e-05
-1.148362e-06
8.785479e-06
1.587223e-06
8.706508e-06
1.643283e-07
4.133801e-06
-6.673264e-07
1.060850e-05
1.374973e-06
4.078661e-06
2.794745e-07
-1.908387e-06
-4.846156e-06
8.000247e-06
-3.645450e-06
1.353424e-06
2.183507e-06
-4.796279e-07
-3.458863e-06
7.899625e-07
4.096025e-06
1.394101e-06
2.473531e-06
1.666933e-06
-1.142480e-06
-8.817197e-08
2.127037e-06
1.877356e-06
2.839173e-06
-1.573617e-06
3.880112e-06
9.974607e-07
-1.554897e-06
2.074583e-06
-6.807240e-07
8.534868e-07
1.409277e-06
3.584461e-06
1.663649e-07
8.778694e-07
-3.063582e-07
2.349795e-06
8.823559e-07
-4.247029e-08
2.542828e-06
-5.822491e-08
1.163932e-06
-1.334578e-06
2.449541e-06
4.243157e-06
-4.050338e-06
1.284463e-06
-1.489123e-05
-1.493021e-06
1.363088e-06
-1.129727e-06
-6.631077e-06
-1.728663e-05
-1.684421e-06
1.781942e-06
1.955753e-06
-5.476831e-06
-9.843694e-06
3.179815e-04
-1.414002e-05
-2.091515e-05
-1.490117e-05
1.069165e-05
-1.201842e-06
-1.277023e-06
-1.861903e-05
-2.851369e-06
8.329170e-06
1.081630e-05
-1.939523e-06
-3.185619e-07
2.277263e-06
-5.386717e-06
2.944706e-06
-3.026007e-06
1.378565e-06
-8.989516e-06
5.459906e-07
-2.269753e-06
1.263358e-06
-1.227176e-06
1.397528e-06
1.129783e-06
1.310119e-06
-2.089306e-06
-2.933661e-06
-7.594661e-07
4.510796e-07
-4.261148e-06
-8.071921e-07
1.224438e-06
-5.354853e-06
-3.879328e-06
-1.212999e-06
2.136681e-06
-7.937383e-07
-3.880583e-06
-3.449184e-06
4.301922e-07
1.288057e-06
1.796413e-06
-1.964527e-06
-2.501163e-07
-2.406879e-06
-2.031130e-06
2.623501e-06
4.044339e-07
1.370043e-07
2.157369e-06
-2.125116e-06
-2.117749e-06
-6.901806e-07
-1.147024e-06
-3.714196e-06
-3.133777e-06
9.615082e-07
1.377652e-06
-5.914173e-06
4.507762e-07
2.447736e-06
-1.076038e-05
-4.046922e-06
9.614005e-06
-7.405766e-06
-3.674594e-06
-7.508576e-06
1.819548e-06
5.842533e-07
-7.145523e-06
-2.833502e-05
-1.414002e-05
3.734937e-04
-1.659659e-05
1.173246e-05
-2.323932e-05
-4.682578e-06
1.806838e-07
-3.746668e-07
-6.872245e-06
5.308183e-06
-1.462331e-05
-8.797134e-06
-1.471221e-06
8.929295e-06
-3.607093e-06
-1.310462e-06
4.273991e-06
1.625521e-06
5.371058e-06
1.315681e-06
6.485938e-07
-1.772674e-06
-3.816873e-06
-1.957774e-07
2.512276e-06
-3.659176e-08
-9.711282e-07
3.317230e-06
8.945394e-07
-1.241927e-06
2.095175e-06
-4.469292e-06
9.853457e-07
1.051030e-06
7.799879e-07
4.869837e-06
-1.985717e-06
3.695349e-06
2.753538e-06
-6.598994e-07
-2.133833e-06
-1.069464e-06
1.179987e-06
3.290485e-06
-3.850596e-07
-1.440911e-06
1.090294e-06
8.480230e-07
2.267717e-06
2.625276e-06
-1.648327e-06
9.099932e-07
9.640205e-07
1.865265e-06
-1.245335e-06
2.159299e-06
-2.598263e-07
-3.332420e-06
-2.324043e-06
-6.408693e-07
-2.115810e-06
-1.337587e-06
-6.722501e-06
5.013043e-06
-9.715626e-06
4.382071e-06
1.844617e-08
-2.788084e-07
-9.614864e-06
-1.256704e-05
-2.025075e-05
1.082859e-05
-2.091515e-05
-1.659659e-05
4.645359e-04
-4.489750e-06
-3.086544e-05
-5.346373e-06
-1.785497e-07
-9.576172e-06
7.895229e-06
-2.037476e-06
1.896061e-05
6.316290e-06
6.368348e-06
3.744238e-06
1.068450e-06
-2.055694e-06
1.398362e-05
-6.953925e-06
2.979122e-06
-3.495429e-06
1.237933e-05
7.705641e-06
-4.833264e-06
-5.281732e-06
1.183826e-06
6.982752e-06
3.120833e-07
2.966464e-06
-1.548984e-06
3.098576e-06
1.466102e-06
1.729812e-06
7.159744e-06
-4.280663e-06
1.271514e-06
2.265487e-06
-3.820411e-07
5.423380e-06
3.384482e-06
-1.929388e-06
2.458519e-06
5.012499e-06
-3.634727e-06
2.822083e-06
-1.521706e-07
-1.498908e-07
-2.738326e-06
5.878743e-06
-2.460491e-06
5.795230e-06
7.700660e-06
3.799181e-06
2.410041e-06
3.685832e-06
-2.490266e-06
1.890966e-06
-1.587410e-06
-4.552113e-07
1.449009e-06
1.576903e-06
-1.080259e-07
-9.013849e-06
5.754203e-06
7.745473e-06
1.938688e-05
1.204484e-05
4.869855e-06
-2.404982e-05
-7.535452e-06
-1.030297e-05
-1.288177e-05
-2.223170e-05
-1.490117e-05
1.173246e-05
-4.489750e-06
7.993105e-04
1.191017e-05
-2.878062e-06
-6.216817e-06
-9.195702e-06
1.640865e-05
1.531643e-05
-3.975926e-06
1.246751e-05
4.139133e-06
-3.244319e-06
1.359379e-07
1.061458e-06
1.291801e-05
2.987133e-07
-1.280118e-05
3.040256e-06
-2.559332e-06
-9.659723e-06
5.346969e-06
6.858050e-06
5.318958e-06
-2.299666e-07
1.253901e-06
-1.970905e-06
5.567158e-06
-9.077659e-07
-3.771699e-06
-1.915637e-06
-1.075668e-05
3.459430e-07
8.047099e-06
-6.073870e-07
1.980504e-06
-1.115398e-06
-3.027252e-06
5.397517e-07
4.401181e-06
-5.625226e-07
2.268075e-06
2.168256e-06
3.954496e-06
3.319768e-06
-3.545099e-08
3.538684e-07
4.053341e-06
-5.644323e-07
-4.968855e-07
-2.027861e-06
-4.943181e-06
1.646385e-06
-2.094268e-06
5.336331e-06
1.625856e-06
-3.381131e-06
-1.239298e-06
-1.453277e-06
9.028540e-06
-6.094049e-06
-2.191603e-06
3.287437e-06
-3.243695e-05
-3.546459e-06
-1.120948e-05
-8.014591e-06
-9.652392e-07
-1.828322e-06
-1.636772e-05
-3.376337e-05
1.069165e-05
-2.323932e-05
-3.086544e-05
1.191017e-05
9.630776e-04
1.457710e-06
7.986814e-08
6.479348e-07
2.465386e-06
-4.112328e-07
-7.754534e-08
-4.581151e-07
1.042962e-06
-4.176594e-07
4.023008e-08
1.848100e-06
4.758380e-07
9.459571e-07
3.448346e-07
4.989715e-07
-9.545135e-08
5.205331e-07
-2.982533e-08
3.620941e-07
8.331056e-07
-9.413566e-07
-6.036052e-08
-3.872040e-07
-1.214247e-07
1.466810e-07
-2.241879e-07
5.897511e-07
-7.881495e-07
6.401533e-07
4.039354e-07
5.116625e-07
1.191183e-07
7.512490e-07
-4.356299e-07
8.199383e-07
4.419463e-07
1.097057e-06
1.237698e-07
1.570849e-08
9.693486e-07
5.521541e-07
5.601796e-07
3.340326e-07
3.975109e-07
2.692131e-07
3.608209e-07
4.823699e-07
5.379180e-08
6.616761e-07
3.516137e-07
3.813575e-07
2.938787e-07
6.567803e-07
5.013622e-07
1.324797e-06
4.370162e-07
4.802353e-07
-2.522098e-07
7.490609e-07
-6.104232e-07
-4.456272e-07
-1.655964e-06
1.528253e-06
1.403622e-07
-2.711174e-06
-3.822807e-06
-3.432206e-06
-1.201842e-06
-4.682578e-06
-5.346373e-06
-2.878062e-06
1.457710e-06
8.012860e-06
