85.9127
98.3412
99.4133
99.4082
100.524
103.204
105.266
108.835
111.678
117.363
121.219
125.371
131.86
136.825
143.419
148.97
156.106
162.675
170.778
180.18
187.032
196.599
205.124
214.374
222.971
232.951
242.807
251.933
260.63
270.213
276.847
284.41
291.261
297.374
302.185
304.146
307.452
307.589
306.664
306.407
301.768
296.081
290.983
283.931
275.08
265.71
255.163
243.955
232.938
220.959
207.658
197.826
185.046
173.156
161.91
150.897
140.203
129.205
119.549
109.439
101.936
93.0645
85.2467
79.2717
72.4845
66.7907
61.9032
55.9821
52.5262
47.7703
44.6654
41.0853
