62063.504842 
3925.624787 
4216.709712 
4411.270732 
4822.699787 
5283.725116 
5539.733500 
6148.750211 
6663.186445 
7438.532671 
8092.540655 
8720.790568 
9552.432934 
10671.235237 
11728.413368 
13018.305489 
14873.103003 
16452.642507 
18640.588173 
21117.947769 
23457.800914 
26907.681252 
29632.888170 
32358.051420 
35944.228256 
38523.049280 
41492.600045 
44068.450674 
46947.296216 
48756.705032 
51642.036802 
53602.978081 
56145.040741 
58454.771353 
61099.835038 
62543.053154 
64833.091238 
67829.441290 
70571.788568 
73538.820073 
76852.321137 
80337.327061 
84119.254336 
88489.798599 
93252.499244 
99604.339585 
108373.326826 
119015.342725 
133701.841843 
155548.599336 
177435.726494 
144993.831669 
68498.125899 
33214.073337 
19538.928082 
13254.684106 
9368.476742 
7057.870531 
5572.828712 
4433.867386 
3719.743569 
3122.434579 
2722.177486 
2342.766030 
2012.369856 
1842.691810 
1581.864855 
1434.287141 
1281.858718 
1109.921019 
992.037646 
19413.438542 
