302006.920688 
14611.986817 
16151.796434 
12029.623660 
11466.731424 
15492.052250 
16872.153897 
15846.953952 
15898.862121 
13790.822305 
14910.786192 
13919.450395 
13661.707678 
17349.581280 
11388.793898 
12562.659184 
10326.038003 
11739.718124 
4911.293389 
4196.166601 
5641.257319 
-4910.621768 
2283.811012 
-3229.887418 
-6537.627835 
-2377.965142 
-7483.988272 
-20319.671833 
-13426.145245 
-16555.574716 
-13776.936608 
-31279.243322 
-22172.631233 
-26380.957445 
-28715.840632 
-27598.513477 
-22912.727790 
-32639.122807 
-26222.796821 
-18413.644451 
-32496.012530 
-30926.342011 
-17172.471559 
-28950.911327 
-24133.012758 
-20342.583718 
-18394.617350 
-10232.134100 
-12146.367977 
-13769.023541 
-8485.099913 
-10384.888579 
3524.346848 
-6275.455226 
5163.890207 
978.870190 
3571.734586 
5205.651773 
3801.141230 
-945.442755 
-288.844122 
2024.273306 
-971.991295 
235.009928 
1945.946478 
763.088274 
-57.912492 
841.507579 
1708.448842 
452.624168 
1808.009758 
13518.217697 
14611.986817 
8688.411918 
-6.605938 
399.163873 
708.327434 
465.240154 
836.844706 
470.061558 
1237.211561 
977.512985 
535.948833 
1318.162511 
692.270074 
932.109426 
1502.986567 
358.584285 
954.472179 
1104.327924 
1236.060494 
-439.243572 
272.590338 
-691.344015 
660.347962 
-458.261708 
301.791067 
-343.038305 
-774.659947 
-529.248070 
-504.965125 
-1481.501488 
86.292674 
-1891.406638 
-729.866485 
-1069.485010 
-1749.668087 
-2194.688625 
-1661.404019 
76.564786 
-1189.276194 
-400.444148 
-2362.469249 
-2003.489691 
-977.094485 
-1741.410638 
-1860.807294 
-1230.171996 
-1971.618500 
-1326.185490 
-1498.084363 
-4791.335704 
-3707.681235 
-881.964704 
41.196341 
-1020.007156 
-852.454459 
-485.161209 
-14.501576 
317.740729 
202.876507 
-144.507094 
94.610097 
452.563984 
96.522816 
18.534476 
243.675574 
136.866290 
-44.572883 
406.613953 
124.006814 
169.492213 
204.609449 
1138.399167 
16151.796434 
-6.605938 
9746.439395 
1221.698183 
235.048052 
933.213840 
-36.344975 
1260.384041 
495.822076 
1044.323911 
1104.032337 
823.014605 
1436.492017 
919.407518 
1084.926712 
958.721316 
820.620568 
-545.156731 
-293.464818 
272.844876 
518.060798 
-133.458623 
136.530374 
-1001.993065 
-390.417502 
459.045424 
-613.914915 
-904.900318 
542.711110 
-42.895275 
-2499.877114 
-3372.951590 
-1237.055779 
-1899.807739 
-256.051277 
-1503.619640 
-2640.430016 
-2718.742179 
231.129085 
476.514326 
-2118.124705 
-3225.279293 
1637.928016 
-4503.816439 
-2007.563921 
1359.895938 
1173.528324 
498.353534 
1416.396191 
-1306.417865 
-2810.019334 
-1642.095175 
-1006.702565 
-885.740316 
-541.061694 
-599.005596 
448.208096 
795.021562 
268.960758 
-40.631185 
-249.219640 
116.231534 
-132.642917 
-162.699501 
-21.252188 
257.918859 
-361.072157 
120.703489 
112.979873 
-75.647842 
-46.004591 
-1978.899123 
12029.623660 
399.163873 
1221.698183 
9129.707378 
302.111441 
258.499814 
416.801321 
733.159791 
493.302292 
953.860311 
819.383553 
-176.743483 
1181.202821 
1371.223386 
770.461694 
1055.958465 
739.950018 
1344.838257 
994.062088 
-111.800114 
1612.772388 
1354.616904 
1928.602956 
-40.156163 
-234.493033 
296.432107 
-457.799892 
-895.318261 
-953.621810 
58.796578 
-224.993146 
-928.905041 
1131.854180 
818.408191 
375.438877 
-159.995039 
-130.127116 
-1720.943100 
-1632.655018 
-1809.011729 
-2132.196773 
-3053.715207 
-811.718001 
-1444.068325 
-2568.982246 
-1165.293920 
-2187.324601 
-626.149556 
-1386.572873 
-2832.926735 
-2481.644372 
-2524.344136 
-990.627140 
-1087.223889 
-1098.001819 
-976.420361 
-654.724988 
-69.254052 
294.810053 
201.924713 
-395.430767 
-171.957021 
-408.210652 
-261.721218 
279.331514 
59.244574 
-11.604109 
-178.489351 
-105.702613 
38.306859 
-84.772228 
1240.291563 
11466.731424 
708.327434 
235.048052 
302.111441 
10659.993656 
297.805508 
726.368030 
316.573984 
136.478197 
94.823039 
1160.859409 
694.808454 
873.694187 
972.557264 
446.058394 
1076.659923 
-161.421147 
2246.257855 
1439.394033 
267.116427 
1657.673965 
-407.640112 
-241.291235 
1369.462124 
-647.095255 
538.579074 
-354.163906 
-1057.179165 
141.105492 
-1919.445178 
-2056.143583 
-2275.045501 
-1348.029628 
-1725.615192 
-2969.650165 
-2735.403875 
776.975828 
-1007.576499 
-2441.912002 
918.950882 
-1385.970938 
-1121.902450 
-3046.613693 
-893.178693 
-2903.525188 
-1291.611598 
-1536.216057 
-998.931986 
-1540.395718 
563.207128 
-1205.230403 
-224.682192 
-296.562631 
-950.741454 
317.428887 
-893.609084 
-88.609147 
-214.124428 
235.578645 
-243.399547 
402.537507 
-27.299342 
95.142024 
-80.065061 
-23.749715 
-67.377110 
-274.068176 
-258.818587 
366.457674 
-200.359145 
106.290967 
1379.428066 
15492.052250 
465.240154 
933.213840 
258.499814 
297.805508 
10332.803500 
1106.506874 
1470.557246 
836.018945 
643.649346 
1176.308353 
1241.552336 
334.991167 
1453.234815 
730.112279 
552.837413 
1235.578588 
688.279107 
1142.012505 
568.396309 
548.575839 
316.420781 
1463.166707 
960.333252 
1378.869121 
1.067134 
590.343792 
-795.755492 
-978.666852 
249.492155 
345.529728 
453.253778 
-130.669721 
-78.403574 
-2101.444480 
-2025.780943 
-3099.907865 
-1461.962396 
-3978.708193 
-1612.538349 
-702.198593 
-2892.220241 
-2946.987167 
-2489.203493 
-4212.769441 
-2061.249857 
-1721.543034 
-1966.411268 
-1265.523613 
-999.964238 
-2628.761533 
-4452.502043 
-1252.899529 
-638.513966 
-567.174218 
356.192689 
-8.795415 
495.493930 
202.110358 
-64.634857 
-382.475923 
304.935525 
-90.793222 
-528.455580 
538.153678 
-154.112368 
-42.407377 
158.220679 
197.779851 
-29.282687 
-12.565680 
2384.587872 
16872.153897 
836.844706 
-36.344975 
416.801321 
726.368030 
1106.506874 
11762.380601 
667.809613 
1205.844317 
692.512644 
645.449902 
970.851451 
1304.236842 
1620.394457 
891.300590 
798.406302 
1120.094552 
1960.896164 
520.690998 
2899.021648 
3119.183816 
1534.251807 
897.478980 
1043.844004 
-282.212204 
-181.643169 
2525.770266 
-411.058058 
-729.099185 
721.512632 
34.666471 
-1817.862043 
-1741.728317 
-1739.756927 
-3477.667035 
-955.312795 
-2940.800836 
-3104.827117 
-2415.451729 
-2192.190905 
-1118.797598 
-2317.381603 
-2023.785035 
-372.311734 
-837.211910 
-3425.324368 
-4291.126235 
-2099.883660 
-4779.911660 
-2397.791847 
-3737.547532 
-3984.942757 
-1214.623240 
-1507.157056 
495.068517 
146.387644 
345.238615 
143.164337 
292.303756 
-56.869070 
495.367649 
-228.571440 
-20.519166 
-159.659365 
321.898724 
105.537308 
-218.934113 
1.178466 
92.318633 
-109.983697 
107.677569 
1584.872179 
15846.953952 
470.061558 
1260.384041 
733.159791 
316.573984 
1470.557246 
667.809613 
13063.940268 
1002.758731 
1565.687617 
1284.065143 
1091.992005 
1666.072539 
533.600483 
1253.936967 
464.990141 
1853.423272 
777.558407 
1221.683524 
427.027975 
338.094360 
1861.725143 
704.275321 
1073.624755 
1154.780750 
30.018622 
1264.750571 
-257.268175 
2577.256766 
81.042593 
51.834123 
-1731.056021 
-1104.771781 
-1802.295314 
-1629.062262 
-1758.583865 
-2518.739999 
-1899.265166 
-1276.668189 
-182.749178 
-2517.878893 
-1632.821970 
-3405.103722 
-1661.757710 
-3028.688846 
-1876.301100 
-1707.890197 
-418.114361 
-1977.305481 
-1520.723558 
-5117.536314 
-4443.254708 
-1783.916828 
-913.971329 
1210.279323 
547.297764 
-254.855426 
-96.154070 
45.482650 
-667.084999 
-257.478870 
635.877607 
-394.436930 
-439.770203 
-150.904659 
-13.707760 
-54.001830 
-3.473584 
-227.973173 
-52.431513 
73.796874 
1305.800270 
15898.862121 
1237.211561 
495.822076 
493.302292 
136.478197 
836.018945 
1205.844317 
1002.758731 
13111.455140 
467.313161 
1021.565943 
1323.936959 
803.189334 
513.651869 
720.952100 
1043.595333 
1516.280571 
933.657961 
947.616641 
929.118652 
777.643018 
879.326000 
1093.082382 
363.776189 
839.352017 
1687.591194 
580.914106 
-1310.786541 
403.074899 
939.893450 
73.882589 
-2918.256078 
-211.415172 
-262.465631 
-3130.969394 
-446.969902 
-3377.623917 
-350.578027 
-3868.234459 
-1957.036230 
-3789.911926 
-3582.295460 
-1320.196853 
-2585.084575 
-1750.602606 
-3049.393271 
-1926.910462 
-3710.623738 
-3763.881526 
-5656.709452 
-3844.087258 
-2759.730140 
-1751.187944 
-468.974388 
830.885322 
479.366952 
-322.584903 
-63.310996 
-173.806738 
-50.465690 
-114.959824 
201.853514 
107.715440 
148.079259 
13.488793 
474.705697 
-33.298935 
277.624616 
183.085324 
64.986439 
143.583790 
2747.997775 
13790.822305 
977.512985 
1044.323911 
953.860311 
94.823039 
643.649346 
692.512644 
1565.687617 
467.313161 
14443.280905 
1428.355078 
1188.281861 
1584.507791 
1116.267311 
1458.126087 
1320.766344 
1336.142880 
1508.627211 
2625.435679 
1146.867497 
1666.661622 
2226.231430 
1732.181487 
3428.438372 
-203.019731 
1710.423316 
1209.990186 
2367.372727 
618.605318 
-1126.785069 
1070.788539 
-1873.732039 
1449.531616 
-1735.561428 
-2898.836576 
-2623.811610 
-2269.099378 
-3346.791943 
-2187.775083 
-2853.997791 
-5016.695264 
-5872.537950 
-5094.601185 
-1797.013136 
-4997.356962 
-1414.828796 
-2526.085237 
-3022.405919 
-2296.963159 
-2881.808916 
-2141.792251 
-1959.505974 
-103.698941 
-1951.159950 
-41.784058 
139.474961 
-411.073964 
716.615345 
424.421079 
-732.701887 
-158.690467 
281.802330 
458.500966 
28.336333 
196.190135 
147.130664 
51.324015 
-34.750317 
82.315509 
102.540948 
109.785511 
-737.045908 
14910.786192 
535.948833 
1104.032337 
819.383553 
1160.859409 
1176.308353 
645.449902 
1284.065143 
1021.565943 
1428.355078 
17254.327174 
1636.937175 
1168.038818 
180.178638 
1920.630811 
1031.771356 
2159.332735 
840.182473 
1542.188088 
953.928687 
1460.887680 
2856.967288 
836.962250 
1648.620894 
2261.038359 
898.268496 
261.484409 
-539.603423 
542.973272 
-400.545114 
5.680909 
457.305511 
-1599.999810 
-33.851703 
-2223.561330 
-2643.856130 
-2766.406517 
-4369.286242 
-1933.763878 
-4898.554465 
-130.368070 
-2413.594308 
-1673.361431 
-3814.565522 
-2795.010264 
158.612305 
-4400.008674 
383.750256 
-3210.285864 
-4629.601864 
-2051.666900 
-1760.499694 
-233.566526 
-1537.768151 
603.132492 
187.501469 
-10.049402 
384.349394 
439.053429 
-120.838834 
331.692422 
-5.439618 
637.027771 
118.963872 
210.551722 
137.765851 
-661.071919 
110.821287 
-90.666235 
-298.969774 
-87.311268 
314.966040 
13919.450395 
1318.162511 
823.014605 
-176.743483 
694.808454 
1241.552336 
970.851451 
1091.992005 
1323.936959 
1188.281861 
1636.937175 
17743.352139 
1623.092375 
367.398424 
2179.992500 
2830.775894 
1685.849068 
2565.775668 
2695.038399 
3796.569960 
2358.078887 
1958.307624 
2545.391850 
1373.613478 
1905.943578 
595.092174 
2590.829790 
-677.483971 
-83.997009 
1272.749392 
184.476253 
-1951.014688 
-128.984588 
-1338.729214 
-1587.538699 
-1372.653902 
353.524720 
-2267.326082 
-3534.808630 
-2577.927780 
-3088.301677 
-4372.411492 
-2931.102296 
-2531.997699 
-2732.531569 
-6185.238983 
-4135.508184 
-4918.677189 
-619.005819 
-4978.356629 
-3910.914039 
-4795.716325 
-460.099077 
-565.956978 
166.189074 
1507.763433 
487.468255 
-171.631601 
106.256871 
-555.777498 
-159.421213 
-380.130975 
547.652664 
-387.472163 
121.542999 
-223.912044 
-19.708763 
-64.944654 
43.634386 
142.559371 
117.408028 
659.767163 
13661.707678 
692.270074 
1436.492017 
1181.202821 
873.694187 
334.991167 
1304.236842 
1666.072539 
803.189334 
1584.507791 
1168.038818 
1623.092375 
17779.591378 
2170.022188 
2121.971506 
1546.357175 
1228.468212 
115.451063 
1563.550484 
616.606577 
2438.758877 
2148.374745 
2325.651730 
2089.094423 
1079.492371 
2132.313199 
553.450192 
-661.618083 
39.266768 
924.479962 
-1695.574831 
-727.636797 
-487.183782 
-699.223051 
-1392.780976 
-2746.157911 
1409.469858 
-2102.220962 
-1879.568039 
-2047.633267 
-2715.377685 
-2902.463412 
-3254.607080 
-4603.907117 
-651.226661 
272.018708 
-6260.175688 
-890.390552 
-4997.766493 
-5921.937588 
-4764.705810 
-4200.225276 
-1930.533199 
-1299.983836 
-1341.408983 
-1550.629820 
-156.608613 
-108.292753 
537.381941 
237.342649 
218.414578 
-496.539582 
-30.930106 
113.274893 
240.589309 
-26.506320 
-372.407115 
355.345550 
-138.048264 
-141.288538 
318.695404 
1225.239613 
17349.581280 
932.109426 
919.407518 
1371.223386 
972.557264 
1453.234815 
1620.394457 
533.600483 
513.651869 
1116.267311 
180.178638 
367.398424 
2170.022188 
21062.725933 
1801.948885 
2462.910175 
1175.164087 
1337.181573 
2105.477949 
1983.930464 
1826.634275 
920.967711 
2067.496593 
2846.407240 
204.095420 
3016.819005 
502.011390 
1466.994875 
127.284591 
313.881715 
441.961889 
-907.393326 
-363.337707 
164.313874 
196.347049 
-2686.375638 
-3535.471074 
-1388.731904 
290.786128 
-2267.892270 
-4479.374811 
1478.408429 
-3554.176504 
-4146.124938 
-2261.046452 
-2930.598648 
-5126.096769 
-3417.601776 
-5337.709916 
-3400.763964 
-5735.232356 
-5583.438002 
-1671.414252 
-1620.304797 
-497.921190 
-105.039237 
303.859396 
-195.191116 
-643.883914 
235.454626 
-35.974334 
282.657130 
116.331637 
-161.702220 
22.294500 
733.641498 
4.641184 
42.210828 
10.859208 
70.501860 
26.382718 
737.056487 
11388.793898 
1502.986567 
1084.926712 
770.461694 
446.058394 
730.112279 
891.300590 
1253.936967 
720.952100 
1458.126087 
1920.630811 
2179.992500 
2121.971506 
1801.948885 
21287.690957 
3143.053382 
2635.571793 
2612.826778 
630.407143 
2211.892310 
861.512931 
1016.762872 
3379.864785 
1718.481983 
2040.107058 
971.628062 
1328.811168 
-141.810387 
2757.198414 
1193.930585 
3201.124900 
-870.441561 
608.786344 
-604.299197 
-560.397088 
-2027.906144 
-2391.304532 
-2100.934018 
-3616.751763 
382.879521 
-3979.383369 
-2732.909753 
-1181.956513 
-574.087516 
-2238.095036 
-5092.698012 
-5777.444678 
-4112.749916 
-6740.759425 
-7680.063364 
-10793.719914 
-7022.670445 
-1366.848357 
-2103.272540 
-748.396323 
455.431281 
171.986104 
475.590339 
-2.259591 
-115.912877 
-647.504131 
-131.329706 
170.250187 
-301.658637 
-22.160627 
-818.194412 
-11.907740 
30.084717 
9.665537 
-343.818376 
61.424663 
2166.594625 
12562.659184 
358.584285 
958.721316 
1055.958465 
1076.659923 
552.837413 
798.406302 
464.990141 
1043.595333 
1320.766344 
1031.771356 
2830.775894 
1546.357175 
2462.910175 
3143.053382 
23213.906004 
2611.164078 
1422.203504 
3258.243617 
2690.959452 
1456.911535 
2089.671404 
3243.885450 
1714.415700 
5059.525006 
3556.909252 
1534.004213 
-37.469139 
1317.685146 
4290.660031 
4003.510921 
-104.908279 
1583.005466 
-1428.209011 
441.125163 
-1485.524267 
-1921.530296 
-1022.619435 
-4895.522361 
-1852.948944 
-3863.954394 
-1714.485820 
-5143.048831 
-3715.285918 
-5568.107218 
-5656.412021 
-6868.429625 
-6617.973522 
-4890.058071 
-7122.133148 
-6870.888382 
-7672.895464 
-2592.338461 
-4254.861499 
-1172.394108 
-1298.346032 
51.198892 
-516.440706 
-1256.530067 
-283.012803 
-247.700514 
120.551483 
265.209870 
203.208495 
-406.784280 
-317.416579 
173.667161 
-117.153193 
91.771509 
-192.565001 
216.017325 
1886.474186 
10326.038003 
954.472179 
820.620568 
739.950018 
-161.421147 
1235.578588 
1120.094552 
1853.423272 
1516.280571 
1336.142880 
2159.332735 
1685.849068 
1228.468212 
1175.164087 
2635.571793 
2611.164078 
27498.775106 
1791.567938 
2024.807626 
2332.725939 
3383.439242 
2228.808824 
3718.333964 
2872.935860 
4596.522427 
3309.278034 
4524.672484 
739.194479 
2429.565784 
1839.997239 
157.234371 
-2409.558258 
1920.291007 
-4480.762481 
-247.799242 
679.190134 
-4096.432532 
-3834.829853 
-2110.013984 
1074.965324 
-5098.420264 
-4437.213385 
-5486.947720 
-1698.446616 
-8009.714574 
-6273.901374 
-9056.876920 
-5075.264228 
-3680.367811 
-7073.119390 
-11760.338937 
-8932.197145 
-4562.093544 
-1684.124189 
-770.239914 
272.865447 
-181.787757 
-279.473197 
316.416543 
-450.882315 
177.378172 
-734.898265 
25.097954 
400.744062 
114.600719 
868.254615 
-428.670720 
178.825723 
249.627471 
146.748872 
-24.826926 
5292.073588 
11739.718124 
1104.327924 
-545.156731 
1344.838257 
2246.257855 
688.279107 
1960.896164 
777.558407 
933.657961 
1508.627211 
840.182473 
2565.775668 
115.451063 
1337.181573 
2612.826778 
1422.203504 
1791.567938 
31790.754774 
2320.233379 
3611.085723 
1980.162689 
2055.187380 
1943.306975 
3043.313829 
4266.506888 
2364.500098 
2701.555255 
5078.408484 
568.424605 
-203.469377 
2036.493617 
2177.106289 
-101.845925 
-1407.674424 
439.058720 
-1449.655696 
-727.209388 
-1132.313741 
-2111.939011 
-2098.632277 
-3591.365212 
-1828.513289 
-5210.415724 
-3168.036576 
-6097.433266 
-3486.911059 
-9165.547379 
-10110.657505 
-8952.041138 
-4739.882474 
-5954.350779 
-6577.676100 
-3947.237199 
-3843.398038 
-895.963819 
-1146.291125 
-969.675041 
-477.126179 
265.711375 
-869.612052 
149.418055 
-516.346763 
308.892063 
-195.709915 
14.942730 
732.347252 
348.553142 
-182.407222 
68.269855 
230.842805 
-141.274165 
3057.964710 
4911.293389 
1236.060494 
-293.464818 
994.062088 
1439.394033 
1142.012505 
520.690998 
1221.683524 
947.616641 
2625.435679 
1542.188088 
2695.038399 
1563.550484 
2105.477949 
630.407143 
3258.243617 
2024.807626 
2320.233379 
34596.234532 
3344.457526 
3845.798095 
3896.809692 
3357.764853 
4900.208900 
4367.087923 
5418.732357 
6414.845046 
5448.509764 
1717.429137 
2644.898926 
1956.566460 
466.143270 
5657.756347 
2197.471467 
-1552.016053 
74.957560 
875.461469 
2165.162423 
-4770.043352 
-1921.085342 
-3261.661232 
-5358.928666 
-7756.076602 
-3932.729594 
-5801.951930 
-6659.275196 
-9723.912903 
-8993.526764 
-6359.194799 
-6517.943488 
-11848.067289 
-13246.407149 
-2328.748116 
-3864.902421 
-2569.865882 
-1409.799718 
-1513.564553 
-11.414581 
-345.507696 
-996.578726 
-98.171248 
78.355574 
550.955296 
214.335598 
194.999649 
194.781895 
-240.600312 
-107.882197 
-258.402112 
-21.599063 
-91.119927 
1332.881654 
4196.166601 
-439.243572 
272.844876 
-111.800114 
267.116427 
568.396309 
2899.021648 
427.027975 
929.118652 
1146.867497 
953.928687 
3796.569960 
616.606577 
1983.930464 
2211.892310 
2690.959452 
2332.725939 
3611.085723 
3344.457526 
40563.006111 
3644.006329 
6293.711821 
4327.362679 
4301.956355 
6413.284520 
4171.717700 
7357.797131 
5772.954083 
6251.311620 
6094.433763 
5102.957325 
-2274.258856 
6761.982425 
2793.340916 
4781.624235 
5754.339129 
-1915.266533 
3517.352225 
-2401.079948 
-1670.297059 
-5722.622948 
-2479.423030 
-4606.173305 
-3972.592686 
-6758.049876 
-10056.776819 
-9780.531178 
-11951.912464 
-15220.516342 
-11796.993997 
-17582.960170 
-13650.810537 
-6511.279496 
-3766.534113 
-2244.703368 
-1281.754912 
-1477.204125 
-1637.759102 
-465.372950 
-1308.117897 
-126.509618 
-468.722605 
-56.126567 
-1353.169308 
398.687795 
-246.014015 
-203.827104 
-191.825126 
-60.529847 
-384.310302 
-37.057621 
8544.956509 
5641.257319 
272.590338 
518.060798 
1612.772388 
1657.673965 
548.575839 
3119.183816 
338.094360 
777.643018 
1666.661622 
1460.887680 
2358.078887 
2438.758877 
1826.634275 
861.512931 
1456.911535 
3383.439242 
1980.162689 
3845.798095 
3644.006329 
43038.300869 
4044.820553 
5293.131358 
6340.575963 
5590.207266 
8499.219458 
4645.540989 
3365.544531 
5483.727157 
8749.260939 
5977.839807 
3298.743123 
2631.889946 
-1364.185511 
3521.404551 
2449.048254 
2144.507319 
-4071.984654 
-3096.375715 
-1666.621510 
-2371.182886 
-8014.206802 
-5448.329113 
-7433.273259 
98.296119 
-8386.641880 
-12379.882922 
-8983.789685 
-10776.218128 
-16623.267442 
-14859.584492 
-16895.789346 
-2928.859173 
-2948.987976 
-2316.757097 
-445.684364 
-1921.121094 
-1142.677836 
-1124.552923 
-382.356836 
-50.310162 
-970.210896 
19.786122 
-986.929063 
368.010439 
307.413748 
-234.447488 
14.113114 
79.310303 
-48.855497 
-87.214717 
4060.299286 
-4910.621768 
-691.344015 
-133.458623 
1354.616904 
-407.640112 
316.420781 
1534.251807 
1861.725143 
879.326000 
2226.231430 
2856.967288 
1958.307624 
2148.374745 
920.967711 
1016.762872 
2089.671404 
2228.808824 
2055.187380 
3896.809692 
6293.711821 
4044.820553 
48253.201191 
3413.663499 
4399.505620 
4769.651538 
4573.611586 
5037.332322 
4953.704510 
5894.039597 
2338.630569 
7860.498244 
3736.680542 
4930.304780 
2755.149832 
1684.468732 
2836.479060 
539.186001 
2695.096338 
-2853.724946 
-69.943929 
-1555.213837 
-4735.120036 
-3918.236195 
-2433.240781 
-11101.210935 
-4984.028246 
-10143.349019 
-5163.044844 
-10820.087582 
-12549.464791 
-13560.513536 
-13226.871964 
-5867.108530 
-2642.991094 
-1416.260763 
-2087.152415 
-1052.562512 
-241.438168 
-1778.614246 
-697.928083 
-186.001514 
-1221.986885 
-45.411184 
-664.339853 
-383.287961 
-89.523818 
249.466902 
340.925342 
-556.719273 
-229.770561 
-126.359225 
5248.802460 
2283.811012 
660.347962 
136.530374 
1928.602956 
-241.291235 
1463.166707 
897.478980 
704.275321 
1093.082382 
1732.181487 
836.962250 
2545.391850 
2325.651730 
2067.496593 
3379.864785 
3243.885450 
3718.333964 
1943.306975 
3357.764853 
4327.362679 
5293.131358 
3413.663499 
48939.834498 
4783.451418 
5789.380490 
4378.150977 
5006.333561 
5597.875712 
5016.857355 
3824.830943 
8835.910589 
3749.447649 
3911.529658 
4459.214343 
581.130961 
493.910706 
-2658.137476 
1526.166936 
-1658.864449 
84.625023 
-4546.630242 
-3156.015140 
-7152.744504 
-6589.981807 
-5866.980702 
-3878.089015 
-9124.057707 
-10220.323698 
-9543.942958 
-15154.863807 
-7389.719987 
-15227.020018 
-10081.459368 
-3470.194327 
-2634.681117 
-821.862531 
-2719.981023 
-304.917803 
-44.454509 
-390.886952 
-1628.537428 
754.453144 
74.093994 
-582.094748 
-318.928090 
53.434576 
-157.256209 
123.232419 
-224.329048 
119.795384 
-288.489635 
4155.487170 
-3229.887418 
-458.261708 
-1001.993065 
-40.156163 
1369.462124 
960.333252 
1043.844004 
1073.624755 
363.776189 
3428.438372 
1648.620894 
1373.613478 
2089.094423 
2846.407240 
1718.481983 
1714.415700 
2872.935860 
3043.313829 
4900.208900 
4301.956355 
6340.575963 
4399.505620 
4783.451418 
57083.729912 
6529.949125 
8639.657287 
9882.214678 
9599.498846 
8479.046539 
5722.679257 
5168.192376 
6995.641582 
6773.747391 
4459.728859 
1127.803051 
678.729123 
4942.594835 
934.645508 
-1604.804414 
-1389.554087 
-4158.438852 
-4360.754369 
-10397.500064 
-8771.929121 
-7961.285831 
-12715.292292 
-12869.573421 
-8327.286727 
-13262.260189 
-16321.465828 
-23265.077767 
-22226.080718 
-4887.708620 
-5582.250275 
-2309.536397 
-1499.213232 
-3806.844038 
-542.477625 
-838.706298 
-190.691853 
-199.615228 
307.337636 
-871.489235 
-1766.279920 
109.433160 
-179.689599 
-891.739969 
-273.489691 
-167.476320 
-247.860470 
-17.168919 
3622.440149 
-6537.627835 
301.791067 
-390.417502 
-234.493033 
-647.095255 
1378.869121 
-282.212204 
1154.780750 
839.352017 
-203.019731 
2261.038359 
1905.943578 
1079.492371 
204.095420 
2040.107058 
5059.525006 
4596.522427 
4266.506888 
4367.087923 
6413.284520 
5590.207266 
4769.651538 
5789.380490 
6529.949125 
63820.988180 
8469.391295 
7438.734259 
7441.344576 
6585.176537 
5380.708574 
6814.626537 
7233.504327 
5702.306443 
2259.145561 
3895.516272 
1683.297373 
1939.110876 
930.379078 
-2783.178731 
2930.320870 
-2612.804675 
3294.167715 
-4736.263543 
-5501.359059 
-6750.949364 
-7499.898199 
-15127.092908 
-10555.596049 
-14319.267508 
-18576.973753 
-19804.385303 
-20926.316753 
-8861.042690 
-5885.976778 
-4081.808979 
-771.081307 
-1821.653461 
487.771312 
-2123.293150 
-1869.581107 
164.808389 
3.236449 
308.729988 
-1063.437344 
10.269186 
215.907416 
-357.450705 
589.404855 
-449.686578 
-169.503019 
76.508389 
6840.764703 
-2377.965142 
-343.038305 
459.045424 
296.432107 
538.579074 
1.067134 
-181.643169 
30.018622 
1687.591194 
1710.423316 
898.268496 
595.092174 
2132.313199 
3016.819005 
971.628062 
3556.909252 
3309.278034 
2364.500098 
5418.732357 
4171.717700 
8499.219458 
4573.611586 
4378.150977 
8639.657287 
8469.391295 
68513.000130 
11026.761574 
8835.876035 
7487.568068 
7978.645155 
4485.308691 
1206.513992 
8736.850881 
2833.605238 
1033.288248 
6769.196172 
2253.941623 
4828.874567 
422.145702 
-218.296776 
-4978.479345 
-3813.728120 
-4578.059152 
-8579.134718 
-10729.240774 
-11943.923384 
-9977.352597 
-10137.468503 
-13957.137119 
-18917.158384 
-17938.027738 
-19626.249786 
-9672.262281 
-5878.898314 
-4320.110061 
-1050.958649 
-1312.524483 
-398.913162 
-352.938692 
-1831.734877 
-566.778910 
-141.916426 
599.208900 
-941.597767 
337.702201 
463.379392 
-477.533504 
130.876662 
380.431170 
-143.600487 
176.077106 
1349.407575 
-7483.988272 
-774.659947 
-613.914915 
-457.799892 
-354.163906 
590.343792 
2525.770266 
1264.750571 
580.914106 
1209.990186 
261.484409 
2590.829790 
553.450192 
502.011390 
1328.811168 
1534.004213 
4524.672484 
2701.555255 
6414.845046 
7357.797131 
4645.540989 
5037.332322 
5006.333561 
9882.214678 
7438.734259 
11026.761574 
77174.361133 
8405.228268 
7804.665796 
10880.490609 
10864.381461 
8085.791551 
11456.144204 
6426.801711 
11267.958880 
8612.328525 
5109.887456 
3625.858647 
848.528409 
-3316.427684 
-2078.177121 
1588.253027 
-9163.394806 
-5611.554661 
-8561.880989 
-10205.598652 
-20536.013393 
-13531.095783 
-18460.745886 
-16027.786889 
-23849.907741 
-31035.870472 
-10593.788103 
-7879.789948 
-5671.946385 
-3085.053761 
-2706.324620 
-2364.129044 
-2769.699367 
-1774.841696 
-512.499770 
563.075993 
-667.406279 
-1504.038329 
-1523.132530 
888.770722 
-781.445318 
-310.472933 
-564.677363 
-698.199143 
477.520375 
10291.272993 
-20319.671833 
-529.248070 
-904.900318 
-895.318261 
-1057.179165 
-795.755492 
-411.058058 
-257.268175 
-1310.786541 
2367.372727 
-539.603423 
-677.483971 
-661.618083 
1466.994875 
-141.810387 
-37.469139 
739.194479 
5078.408484 
5448.509764 
5772.954083 
3365.544531 
4953.704510 
5597.875712 
9599.498846 
7441.344576 
8835.876035 
8405.228268 
83516.156925 
8335.461352 
9887.081774 
13233.986278 
14251.040915 
12563.926233 
11055.834868 
11869.588738 
9241.025201 
6574.049149 
7074.736838 
2112.873743 
-336.941021 
-2603.630757 
1472.034651 
-4492.079920 
656.604845 
-10227.939914 
-11102.227147 
-19749.107130 
-15705.813223 
-21274.479138 
-18306.528041 
-30699.791158 
-24419.774316 
-15659.659656 
-8069.912833 
-5653.663773 
-5013.223658 
-5564.706732 
-1949.445457 
-1004.439235 
-2253.567391 
-1252.660628 
-881.581643 
-287.846204 
-1890.839265 
43.675397 
-855.461565 
-105.564441 
403.808452 
-764.168304 
247.916672 
-404.182726 
-2214.328694 
-13426.145245 
-504.965125 
542.711110 
-953.621810 
141.105492 
-978.666852 
-729.099185 
2577.256766 
403.074899 
618.605318 
542.973272 
-83.997009 
39.266768 
127.284591 
2757.198414 
1317.685146 
2429.565784 
568.424605 
1717.429137 
6251.311620 
5483.727157 
5894.039597 
5016.857355 
8479.046539 
6585.176537 
7487.568068 
7804.665796 
8335.461352 
83155.974021 
8687.208718 
9258.441395 
6955.460786 
4834.783993 
2540.960426 
6630.523164 
7049.738799 
4658.964421 
5596.799422 
-10.151940 
3442.969011 
3371.658867 
-276.281768 
-5822.803404 
205.560095 
-4239.008138 
-9183.514938 
-3419.745331 
-10040.907548 
-20376.457529 
-23024.461875 
-25427.730161 
-28568.836502 
-10337.268479 
-8645.480226 
-5097.059787 
-4382.811501 
-5507.191330 
-1202.049709 
-2192.010155 
-2295.701012 
829.945343 
-2562.223542 
-1100.324818 
-1730.319098 
-666.045310 
-782.899491 
-382.329285 
243.649409 
-727.884123 
-458.943266 
-845.434107 
1449.830880 
-16555.574716 
-1481.501488 
-42.895275 
58.796578 
-1919.445178 
249.492155 
721.512632 
81.042593 
939.893450 
-1126.785069 
-400.545114 
1272.749392 
924.479962 
313.881715 
1193.930585 
4290.660031 
1839.997239 
-203.469377 
2644.898926 
6094.433763 
8749.260939 
2338.630569 
3824.830943 
5722.679257 
5380.708574 
7978.645155 
10880.490609 
9887.081774 
8687.208718 
98294.350895 
12223.166004 
9816.747464 
9287.865002 
1239.195681 
7967.618296 
7029.992565 
-3182.008120 
4307.886380 
2256.038649 
6610.149342 
-5548.937155 
-739.833147 
-4136.732580 
-3720.235425 
-3717.060734 
-8645.947994 
-10079.343322 
-13406.106837 
-15455.075224 
-28458.271042 
-18517.789691 
-25591.504081 
-11901.133818 
-7443.192610 
-9705.716296 
-3769.790518 
-1300.103409 
-1815.953827 
-1757.819040 
-1851.197098 
-1362.689196 
-152.678571 
333.866078 
-2092.918063 
157.278180 
-406.943455 
-819.828120 
-71.034755 
-1308.112256 
-490.020725 
-73.558045 
-1305.678877 
-13776.936608 
86.292674 
-2499.877114 
-224.993146 
-2056.143583 
345.529728 
34.666471 
51.834123 
73.882589 
1070.788539 
5.680909 
184.476253 
-1695.574831 
441.961889 
3201.124900 
4003.510921 
157.234371 
2036.493617 
1956.566460 
5102.957325 
5977.839807 
7860.498244 
8835.910589 
5168.192376 
6814.626537 
4485.308691 
10864.381461 
13233.986278 
9258.441395 
12223.166004 
107534.698626 
12788.034294 
9665.127950 
14882.886530 
7723.617365 
8337.763768 
-1952.899918 
12349.212931 
6342.217985 
2824.056168 
-10164.344512 
6634.000630 
-3996.283167 
-5673.929609 
-10345.569265 
-3905.337403 
-14158.203013 
-18234.290659 
-19990.455376 
-27491.785842 
-36514.097363 
-36206.837980 
-18478.520760 
-8396.954295 
-7161.216139 
-3961.026027 
-4425.356037 
-2267.276108 
-3779.184783 
-1314.919917 
-1290.762856 
-853.802995 
-1036.829647 
-2506.544751 
-1188.326508 
-637.496445 
-438.725962 
-822.828113 
-482.962038 
-146.807851 
-519.590597 
3415.398562 
-31279.243322 
-1891.406638 
-3372.951590 
-928.905041 
-2275.045501 
453.253778 
-1817.862043 
-1731.056021 
-2918.256078 
-1873.732039 
457.305511 
-1951.014688 
-727.636797 
-907.393326 
-870.441561 
-104.908279 
-2409.558258 
2177.106289 
466.143270 
-2274.258856 
3298.743123 
3736.680542 
3749.447649 
6995.641582 
7233.504327 
1206.513992 
8085.791551 
14251.040915 
6955.460786 
9816.747464 
12788.034294 
107762.126352 
11057.053911 
15800.537818 
11815.891999 
6672.133225 
8392.580262 
1286.139329 
6808.004253 
-449.491544 
8147.120435 
6434.901081 
-5487.814380 
685.483864 
-8180.819205 
-2047.002885 
-7340.727954 
-12334.973880 
-12657.804811 
-22614.214648 
-18898.218534 
-27724.134106 
-12054.417497 
-7622.210247 
-7890.309134 
-5398.561727 
-4090.128535 
-3638.813375 
-2961.772692 
-408.795689 
-1498.926751 
-447.217892 
-1963.334364 
-776.566185 
-1604.407873 
-713.939087 
-1241.702204 
-221.623615 
-1694.918173 
-709.984187 
-260.809052 
-7834.390085 
-22172.631233 
-729.866485 
-1237.055779 
1131.854180 
-1348.029628 
-130.669721 
-1741.728317 
-1104.771781 
-211.415172 
1449.531616 
-1599.999810 
-128.984588 
-487.183782 
-363.337707 
608.786344 
1583.005466 
1920.291007 
-101.845925 
5657.756347 
6761.982425 
2631.889946 
4930.304780 
3911.529658 
6773.747391 
5702.306443 
8736.850881 
11456.144204 
12563.926233 
4834.783993 
9287.865002 
9665.127950 
11057.053911 
105431.283545 
11564.751775 
11018.604728 
13159.770495 
10753.714877 
12533.397156 
4507.889027 
5577.553043 
7530.880567 
1562.786699 
-121.235700 
1744.344975 
-12634.721093 
-13279.493883 
-18274.850747 
-13937.267604 
-9742.512609 
-27845.382431 
-29474.584444 
-30169.702494 
-22552.805763 
-8545.721108 
-7524.815783 
-8006.832649 
-4782.829014 
-2796.877847 
-3586.885551 
-2544.307509 
-1583.470747 
-779.035242 
-665.884259 
-2278.024674 
-70.107805 
-2192.878035 
1.621577 
512.163573 
-1115.687536 
-407.886411 
-169.757634 
7888.556412 
-26380.957445 
-1069.485010 
-1899.807739 
818.408191 
-1725.615192 
-78.403574 
-1739.756927 
-1802.295314 
-262.465631 
-1735.561428 
-33.851703 
-1338.729214 
-699.223051 
164.313874 
-604.299197 
-1428.209011 
-4480.762481 
-1407.674424 
2197.471467 
2793.340916 
-1364.185511 
2755.149832 
4459.214343 
4459.728859 
2259.145561 
2833.605238 
6426.801711 
11055.834868 
2540.960426 
1239.195681 
14882.886530 
15800.537818 
11564.751775 
104557.866967 
8145.005811 
8940.411412 
10978.559615 
9179.965702 
7149.396441 
2651.056256 
8951.630949 
4526.846723 
2826.943234 
4036.356022 
-7559.300562 
-3670.686522 
-2048.877175 
-4038.946458 
-17436.179596 
-15312.242068 
-17997.019227 
-19599.427285 
-12153.763080 
-7242.236001 
-6218.190044 
-4478.334521 
-2902.750769 
-3758.157055 
-2273.730188 
440.187510 
-251.604697 
-1382.261710 
-3173.054536 
-399.642752 
-261.241758 
-1211.795780 
-1481.073758 
379.309385 
-752.559485 
-35.168830 
-403.500247 
-7973.614854 
-28715.840632 
-1749.668087 
-256.051277 
375.438877 
-2969.650165 
-2101.444480 
-3477.667035 
-1629.062262 
-3130.969394 
-2898.836576 
-2223.561330 
-1587.538699 
-1392.780976 
196.347049 
-560.397088 
441.125163 
-247.799242 
439.058720 
-1552.016053 
4781.624235 
3521.404551 
1684.468732 
581.130961 
1127.803051 
3895.516272 
1033.288248 
11267.958880 
11869.588738 
6630.523164 
7967.618296 
7723.617365 
11815.891999 
11018.604728 
8145.005811 
118649.196193 
9565.330685 
12371.063546 
16563.679100 
7858.532379 
12051.562176 
1904.669799 
5230.416905 
-2918.859120 
-1481.531758 
-6826.073792 
-7711.084626 
-4496.127257 
-9161.496858 
-14565.831847 
-22139.789858 
-19855.748430 
-16990.867528 
-8621.920805 
-12747.464854 
-7816.553937 
-4191.147782 
-1753.202371 
-4188.719927 
-2770.533095 
-1319.293685 
-2085.841010 
-1797.848962 
-1700.546444 
-2359.813290 
-1386.732216 
-816.395042 
-638.918393 
-678.426123 
-353.250359 
-442.700741 
-849.203751 
-3414.890858 
-27598.513477 
-2194.688625 
-1503.619640 
-159.995039 
-2735.403875 
-2025.780943 
-955.312795 
-1758.583865 
-446.969902 
-2623.811610 
-2643.856130 
-1372.653902 
-2746.157911 
-2686.375638 
-2027.906144 
-1485.524267 
679.190134 
-1449.655696 
74.957560 
5754.339129 
2449.048254 
2836.479060 
493.910706 
678.729123 
1683.297373 
6769.196172 
8612.328525 
9241.025201 
7049.738799 
7029.992565 
8337.763768 
6672.133225 
13159.770495 
8940.411412 
9565.330685 
113857.267512 
14588.713830 
8072.166579 
7852.867900 
12587.253176 
6355.770639 
9950.709006 
-965.784124 
3538.741314 
-1524.483957 
-4954.199535 
-10508.379504 
-5526.607556 
-13220.500114 
-15443.601770 
-25527.062267 
-27115.860605 
-7300.899343 
-7193.251619 
-7034.651259 
-3579.751304 
-2509.278354 
-3016.832654 
-4022.268821 
-153.177842 
-3372.528770 
-1236.765956 
-1332.354967 
-1737.003784 
-1823.763959 
-884.252335 
-102.749000 
-995.575030 
-677.376078 
-834.911917 
-464.878820 
-14270.293421 
-22912.727790 
-1661.404019 
-2640.430016 
-130.127116 
776.975828 
-3099.907865 
-2940.800836 
-2518.739999 
-3377.623917 
-2269.099378 
-2766.406517 
353.524720 
1409.469858 
-3535.471074 
-2391.304532 
-1921.530296 
-4096.432532 
-727.209388 
875.461469 
-1915.266533 
2144.507319 
539.186001 
-2658.137476 
4942.594835 
1939.110876 
2253.941623 
5109.887456 
6574.049149 
4658.964421 
-3182.008120 
-1952.899918 
8392.580262 
10753.714877 
10978.559615 
12371.063546 
14588.713830 
113995.064862 
5966.726305 
6291.068700 
5210.444498 
5246.307568 
13446.934903 
173.438774 
6715.500757 
2415.873401 
-1443.439770 
-4642.559577 
-6938.683396 
-9590.043416 
-12324.500359 
-12368.634504 
-13967.388843 
-11024.977887 
-4853.651379 
-7103.598910 
-4852.843869 
-2917.369977 
-2531.012242 
-3877.453453 
-2677.622298 
-188.193349 
-1403.096478 
-2320.623359 
-1682.244148 
-921.415436 
-883.758627 
-844.864927 
-1059.360341 
-939.648849 
247.454174 
-520.420328 
-3662.391676 
-32639.122807 
76.564786 
-2718.742179 
-1720.943100 
-1007.576499 
-1461.962396 
-3104.827117 
-1899.265166 
-350.578027 
-3346.791943 
-4369.286242 
-2267.326082 
-2102.220962 
-1388.731904 
-2100.934018 
-1022.619435 
-3834.829853 
-1132.313741 
2165.162423 
3517.352225 
-4071.984654 
2695.096338 
1526.166936 
934.645508 
930.379078 
4828.874567 
3625.858647 
7074.736838 
5596.799422 
4307.886380 
12349.212931 
1286.139329 
12533.397156 
9179.965702 
16563.679100 
8072.166579 
5966.726305 
120735.813044 
8431.789398 
5115.559491 
6639.702303 
12460.943450 
5129.337721 
5259.246432 
-2957.635825 
-2976.927736 
-8114.920009 
-2920.126255 
-7550.985102 
-16430.920078 
-19063.867259 
-22033.996675 
-11412.455447 
-6504.030728 
-4653.180395 
-5415.778693 
-4804.575497 
-1644.026085 
-4294.600588 
-2102.855337 
-553.532992 
-539.759313 
-604.734161 
-3298.942392 
-1540.550875 
-501.245337 
58.192294 
90.787363 
-1476.138968 
-441.794932 
-773.176835 
-518.584552 
-26222.796821 
-1189.276194 
231.129085 
-1632.655018 
-2441.912002 
-3978.708193 
-2415.451729 
-1276.668189 
-3868.234459 
-2187.775083 
-1933.763878 
-3534.808630 
-1879.568039 
290.786128 
-3616.751763 
-4895.522361 
-2110.013984 
-2111.939011 
-4770.043352 
-2401.079948 
-3096.375715 
-2853.724946 
-1658.864449 
-1604.804414 
-2783.178731 
422.145702 
848.528409 
2112.873743 
-10.151940 
2256.038649 
6342.217985 
6808.004253 
4507.889027 
7149.396441 
7858.532379 
7852.867900 
6291.068700 
8431.789398 
119221.450982 
9187.293558 
12432.564514 
4876.701463 
12740.201062 
2696.127131 
-189.521741 
6138.458077 
4054.697313 
4179.024883 
2663.734794 
-7676.298353 
-1313.437704 
-11771.950906 
-1381.412518 
-6160.677928 
-5170.965261 
-4753.145777 
-2378.452876 
-1552.758090 
-3572.694247 
-2414.478930 
-2432.182976 
-1623.808810 
930.348059 
-205.888936 
-2278.726057 
-1370.984548 
-1113.190391 
-598.795641 
-762.152868 
50.920123 
-953.889720 
-19215.266052 
-18413.644451 
-400.444148 
476.514326 
-1809.011729 
918.950882 
-1612.538349 
-2192.190905 
-182.749178 
-1957.036230 
-2853.997791 
-4898.554465 
-2577.927780 
-2047.633267 
-2267.892270 
382.879521 
-1852.948944 
1074.965324 
-2098.632277 
-1921.085342 
-1670.297059 
-1666.621510 
-69.943929 
84.625023 
-1389.554087 
2930.320870 
-218.296776 
-3316.427684 
-336.941021 
3442.969011 
6610.149342 
2824.056168 
-449.491544 
5577.553043 
2651.056256 
12051.562176 
12587.253176 
5210.444498 
5115.559491 
9187.293558 
130532.729930 
6942.390510 
6687.722445 
7749.511130 
2142.217951 
-1890.057940 
4699.711162 
-274.378464 
-1849.107698 
-1949.970524 
-13833.015219 
-4982.230376 
-8524.169940 
-6274.019970 
-3977.680246 
-5236.568284 
-4326.596096 
-4845.714528 
-2910.239153 
-3853.531763 
-1323.916545 
-1251.643439 
-2374.944452 
-1043.293370 
-759.782770 
-507.522305 
-1185.657281 
-814.433811 
202.880393 
-65.676284 
-45.388833 
-775.694849 
-10458.008555 
-32496.012530 
-2362.469249 
-2118.124705 
-2132.196773 
-1385.970938 
-702.198593 
-1118.797598 
-2517.878893 
-3789.911926 
-5016.695264 
-130.368070 
-3088.301677 
-2715.377685 
-4479.374811 
-3979.383369 
-3863.954394 
-5098.420264 
-3591.365212 
-3261.661232 
-5722.622948 
-2371.182886 
-1555.213837 
-4546.630242 
-4158.438852 
-2612.804675 
-4978.479345 
-2078.177121 
-2603.630757 
3371.658867 
-5548.937155 
-10164.344512 
8147.120435 
7530.880567 
8951.630949 
1904.669799 
6355.770639 
5246.307568 
6639.702303 
12432.564514 
6942.390510 
129915.033974 
8574.814437 
7241.266966 
8192.019120 
1060.740240 
8984.536616 
12246.122420 
9815.983479 
1784.751976 
2608.143368 
5595.589235 
-4142.971730 
1960.012263 
-4189.497653 
-4499.913738 
-563.354510 
-4780.657756 
-1714.392123 
-3452.245183 
324.731056 
-1189.898905 
-1927.363987 
-1370.704163 
-2141.229319 
-1421.339531 
-2127.167272 
-1647.643104 
166.335305 
-1173.267403 
115.135909 
-471.466632 
-14782.921787 
-30926.342011 
-2003.489691 
-3225.279293 
-3053.715207 
-1121.902450 
-2892.220241 
-2317.381603 
-1632.821970 
-3582.295460 
-5872.537950 
-2413.594308 
-4372.411492 
-2902.463412 
1478.408429 
-2732.909753 
-1714.485820 
-4437.213385 
-1828.513289 
-5358.928666 
-2479.423030 
-8014.206802 
-4735.120036 
-3156.015140 
-4360.754369 
3294.167715 
-3813.728120 
1588.253027 
1472.034651 
-276.281768 
-739.833147 
6634.000630 
6434.901081 
1562.786699 
4526.846723 
5230.416905 
9950.709006 
13446.934903 
12460.943450 
4876.701463 
6687.722445 
8574.814437 
130156.653110 
6999.829368 
5924.618576 
5053.455068 
8359.453165 
-162.438607 
-1624.936549 
706.910283 
-2886.092514 
-4679.982842 
-11992.596941 
-5713.638350 
-3518.614934 
-3721.064468 
-5102.672165 
-2945.753622 
-1359.853660 
-5174.527872 
-627.015407 
-1866.831656 
-1903.644486 
-1414.283935 
-1821.863379 
-979.333886 
-1341.100408 
-471.942287 
-1425.669636 
-1061.645590 
-996.168905 
-524.829318 
-8360.182049 
-17172.471559 
-977.094485 
1637.928016 
-811.718001 
-3046.613693 
-2946.987167 
-2023.785035 
-3405.103722 
-1320.196853 
-5094.601185 
-1673.361431 
-2931.102296 
-3254.607080 
-3554.176504 
-1181.956513 
-5143.048831 
-5486.947720 
-5210.415724 
-7756.076602 
-4606.173305 
-5448.329113 
-3918.236195 
-7152.744504 
-10397.500064 
-4736.263543 
-4578.059152 
-9163.394806 
-4492.079920 
-5822.803404 
-4136.732580 
-3996.283167 
-5487.814380 
-121.235700 
2826.943234 
-2918.859120 
-965.784124 
173.438774 
5129.337721 
12740.201062 
7749.511130 
7241.266966 
6999.829368 
126528.204906 
5863.495648 
-2964.960131 
11641.297969 
14694.571034 
12683.782568 
11060.315611 
11575.227952 
2410.847808 
8167.504555 
2176.414307 
1194.815606 
373.414637 
-1925.260321 
-1889.888517 
-1228.216658 
-1890.095951 
-2094.579652 
-2457.055895 
-957.591555 
-781.844403 
-621.886626 
22.341930 
-1453.434058 
-604.533250 
-378.428777 
-966.805993 
490.953824 
-853.780586 
-12046.453203 
-28950.911327 
-1741.410638 
-4503.816439 
-1444.068325 
-893.178693 
-2489.203493 
-372.311734 
-1661.757710 
-2585.084575 
-1797.013136 
-3814.565522 
-2531.997699 
-4603.907117 
-4146.124938 
-574.087516 
-3715.285918 
-1698.446616 
-3168.036576 
-3932.729594 
-3972.592686 
-7433.273259 
-2433.240781 
-6589.981807 
-8771.929121 
-5501.359059 
-8579.134718 
-5611.554661 
656.604845 
205.560095 
-3720.235425 
-5673.929609 
685.483864 
1744.344975 
4036.356022 
-1481.531758 
3538.741314 
6715.500757 
5259.246432 
2696.127131 
2142.217951 
8192.019120 
5924.618576 
5863.495648 
143544.314572 
3863.732752 
138.953651 
10569.157537 
14436.523435 
4517.976685 
11166.506691 
6798.358836 
5494.584490 
-776.270901 
2621.736571 
-2063.262894 
-2880.888399 
-2360.276102 
-3654.468877 
-1257.994049 
-199.243404 
-305.936661 
-2448.887309 
78.074572 
608.086941 
-131.245668 
-2150.906748 
77.420173 
-506.743475 
-1153.389492 
-992.595455 
-263.733640 
-8512.435401 
-24133.012758 
-1860.807294 
-2007.563921 
-2568.982246 
-2903.525188 
-4212.769441 
-837.211910 
-3028.688846 
-1750.602606 
-4997.356962 
-2795.010264 
-2732.531569 
-651.226661 
-2261.046452 
-2238.095036 
-5568.107218 
-8009.714574 
-6097.433266 
-5801.951930 
-6758.049876 
98.296119 
-11101.210935 
-5866.980702 
-7961.285831 
-6750.949364 
-10729.240774 
-8561.880989 
-10227.939914 
-4239.008138 
-3717.060734 
-10345.569265 
-8180.819205 
-12634.721093 
-7559.300562 
-6826.073792 
-1524.483957 
2415.873401 
-2957.635825 
-189.521741 
-1890.057940 
1060.740240 
5053.455068 
-2964.960131 
3863.732752 
134203.556464 
1897.434349 
4204.603695 
8039.494250 
14616.681960 
24408.935140 
26548.188177 
23253.491744 
10663.673255 
8356.671196 
5286.211038 
-332.034694 
1551.061451 
847.506886 
-517.383409 
-508.749270 
2351.431611 
398.305256 
-690.421141 
951.469145 
-941.146512 
-159.631229 
-576.841461 
-819.447480 
412.705658 
-997.451835 
-31.355487 
-9601.113268 
-20342.583718 
-1230.171996 
1359.895938 
-1165.293920 
-1291.611598 
-2061.249857 
-3425.324368 
-1876.301100 
-3049.393271 
-1414.828796 
158.612305 
-6185.238983 
272.018708 
-2930.598648 
-5092.698012 
-5656.412021 
-6273.901374 
-3486.911059 
-6659.275196 
-10056.776819 
-8386.641880 
-4984.028246 
-3878.089015 
-12715.292292 
-7499.898199 
-11943.923384 
-10205.598652 
-11102.227147 
-9183.514938 
-8645.947994 
-3905.337403 
-2047.002885 
-13279.493883 
-3670.686522 
-7711.084626 
-4954.199535 
-1443.439770 
-2976.927736 
6138.458077 
4699.711162 
8984.536616 
8359.453165 
11641.297969 
138.953651 
1897.434349 
149799.762571 
27565.270479 
20720.665725 
23240.919288 
21437.389214 
20085.584027 
14660.872085 
6926.545652 
4048.594515 
4989.971788 
-1376.769964 
-296.488804 
226.083249 
1088.338183 
805.684362 
-1290.678836 
239.154681 
-1296.624339 
-582.385487 
-1177.314471 
-887.248326 
-658.186053 
561.873160 
-566.129040 
-601.298550 
93.826849 
-16908.225126 
-18394.617350 
-1971.618500 
1173.528324 
-2187.324601 
-1536.216057 
-1721.543034 
-4291.126235 
-1707.890197 
-1926.910462 
-2526.085237 
-4400.008674 
-4135.508184 
-6260.175688 
-5126.096769 
-5777.444678 
-6868.429625 
-9056.876920 
-9165.547379 
-9723.912903 
-9780.531178 
-12379.882922 
-10143.349019 
-9124.057707 
-12869.573421 
-15127.092908 
-9977.352597 
-20536.013393 
-19749.107130 
-3419.745331 
-10079.343322 
-14158.203013 
-7340.727954 
-18274.850747 
-2048.877175 
-4496.127257 
-10508.379504 
-4642.559577 
-8114.920009 
4054.697313 
-274.378464 
12246.122420 
-162.438607 
14694.571034 
10569.157537 
4204.603695 
27565.270479 
156896.116506 
22421.728469 
21530.298034 
30042.299225 
41581.986767 
30318.018032 
19798.283805 
7216.153283 
5466.081050 
6516.495033 
4076.181211 
958.272267 
1545.912226 
2735.976958 
646.909760 
-1750.985194 
-294.118497 
1934.254864 
-94.793862 
-589.272223 
382.401642 
809.093181 
162.474093 
-169.176960 
529.113167 
-10180.010758 
-10232.134100 
-1326.185490 
498.353534 
-626.149556 
-998.931986 
-1966.411268 
-2099.883660 
-418.114361 
-3710.623738 
-3022.405919 
383.750256 
-4918.677189 
-890.390552 
-3417.601776 
-4112.749916 
-6617.973522 
-5075.264228 
-10110.657505 
-8993.526764 
-11951.912464 
-8983.789685 
-5163.044844 
-10220.323698 
-8327.286727 
-10555.596049 
-10137.468503 
-13531.095783 
-15705.813223 
-10040.907548 
-13406.106837 
-18234.290659 
-12334.973880 
-13937.267604 
-4038.946458 
-9161.496858 
-5526.607556 
-6938.683396 
-2920.126255 
4179.024883 
-1849.107698 
9815.983479 
-1624.936549 
12683.782568 
14436.523435 
8039.494250 
20720.665725 
22421.728469 
165011.753011 
27507.233765 
32909.441197 
40838.453808 
27244.274971 
13429.395955 
5839.874904 
4800.960659 
3333.026361 
183.174446 
-284.095737 
1810.802943 
-515.137903 
-239.302075 
-2641.942208 
-1960.349483 
769.025901 
-928.670990 
-172.586786 
-1215.389766 
143.717752 
-765.878218 
-708.434459 
-236.973217 
-20812.578104 
-12146.367977 
-1498.084363 
1416.396191 
-1386.572873 
-1540.395718 
-1265.523613 
-4779.911660 
-1977.305481 
-3763.881526 
-2296.963159 
-3210.285864 
-619.005819 
-4997.766493 
-5337.709916 
-6740.759425 
-4890.058071 
-3680.367811 
-8952.041138 
-6359.194799 
-15220.516342 
-10776.218128 
-10820.087582 
-9543.942958 
-13262.260189 
-14319.267508 
-13957.137119 
-18460.745886 
-21274.479138 
-20376.457529 
-15455.075224 
-19990.455376 
-12657.804811 
-9742.512609 
-17436.179596 
-14565.831847 
-13220.500114 
-9590.043416 
-7550.985102 
2663.734794 
-1949.970524 
1784.751976 
706.910283 
11060.315611 
4517.976685 
14616.681960 
23240.919288 
21530.298034 
27507.233765 
185891.267040 
50078.129126 
46269.120005 
54344.287621 
19710.619989 
15495.014168 
10626.839020 
7245.656920 
4053.226861 
2463.217446 
1521.783136 
2919.456579 
-174.890953 
2225.720357 
-141.364522 
2934.886907 
-1071.849723 
1439.122075 
673.470147 
698.173237 
903.460982 
855.759439 
466.707465 
-16305.215701 
-13769.023541 
-4791.335704 
-1306.417865 
-2832.926735 
563.207128 
-999.964238 
-2397.791847 
-1520.723558 
-5656.709452 
-2881.808916 
-4629.601864 
-4978.356629 
-5921.937588 
-3400.763964 
-7680.063364 
-7122.133148 
-7073.119390 
-4739.882474 
-6517.943488 
-11796.993997 
-16623.267442 
-12549.464791 
-15154.863807 
-16321.465828 
-18576.973753 
-18917.158384 
-16027.786889 
-18306.528041 
-23024.461875 
-28458.271042 
-27491.785842 
-22614.214648 
-27845.382431 
-15312.242068 
-22139.789858 
-15443.601770 
-12324.500359 
-16430.920078 
-7676.298353 
-13833.015219 
2608.143368 
-2886.092514 
11575.227952 
11166.506691 
24408.935140 
21437.389214 
30042.299225 
32909.441197 
50078.129126 
244780.923964 
54939.995075 
73282.292738 
26791.045489 
22330.626590 
15106.471811 
6895.716652 
8082.542042 
3196.620781 
5720.196028 
3962.485816 
2406.285105 
1063.355420 
2838.751183 
3123.064077 
-483.579735 
858.136952 
273.060999 
1543.872210 
230.527956 
-192.741841 
-529.343387 
-17689.435176 
-8485.099913 
-3707.681235 
-2810.019334 
-2481.644372 
-1205.230403 
-2628.761533 
-3737.547532 
-5117.536314 
-3844.087258 
-2141.792251 
-2051.666900 
-3910.914039 
-4764.705810 
-5735.232356 
-10793.719914 
-6870.888382 
-11760.338937 
-5954.350779 
-11848.067289 
-17582.960170 
-14859.584492 
-13560.513536 
-7389.719987 
-23265.077767 
-19804.385303 
-17938.027738 
-23849.907741 
-30699.791158 
-25427.730161 
-18517.789691 
-36514.097363 
-18898.218534 
-29474.584444 
-17997.019227 
-19855.748430 
-25527.062267 
-12368.634504 
-19063.867259 
-1313.437704 
-4982.230376 
5595.589235 
-4679.982842 
2410.847808 
6798.358836 
26548.188177 
20085.584027 
41581.986767 
40838.453808 
46269.120005 
54939.995075 
273256.442225 
73528.244870 
37310.479855 
16268.815383 
12869.677136 
12947.806281 
9543.534474 
5513.411575 
6024.096058 
4705.972803 
4873.846980 
869.701861 
747.304248 
4348.611240 
3123.316372 
1851.985232 
2358.866601 
2029.816280 
1499.621218 
926.308453 
383.250942 
-12597.948306 
-10384.888579 
-881.964704 
-1642.095175 
-2524.344136 
-224.682192 
-4452.502043 
-3984.942757 
-4443.254708 
-2759.730140 
-1959.505974 
-1760.499694 
-4795.716325 
-4200.225276 
-5583.438002 
-7022.670445 
-7672.895464 
-8932.197145 
-6577.676100 
-13246.407149 
-13650.810537 
-16895.789346 
-13226.871964 
-15227.020018 
-22226.080718 
-20926.316753 
-19626.249786 
-31035.870472 
-24419.774316 
-28568.836502 
-25591.504081 
-36206.837980 
-27724.134106 
-30169.702494 
-19599.427285 
-16990.867528 
-27115.860605 
-13967.388843 
-22033.996675 
-11771.950906 
-8524.169940 
-4142.971730 
-11992.596941 
8167.504555 
5494.584490 
23253.491744 
14660.872085 
30318.018032 
27244.274971 
54344.287621 
73282.292738 
73528.244870 
239836.537439 
36199.467655 
28229.583622 
20365.861771 
10564.765164 
13528.117292 
8063.583038 
5752.397589 
7261.524897 
5455.261736 
1376.853568 
4587.364105 
5146.190045 
1437.686043 
3267.550858 
523.645322 
563.092958 
2692.508467 
803.223279 
1201.965826 
-18325.429132 
3524.346848 
41.196341 
-1006.702565 
-990.627140 
-296.562631 
-1252.899529 
-1214.623240 
-1783.916828 
-1751.187944 
-103.698941 
-233.566526 
-460.099077 
-1930.533199 
-1671.414252 
-1366.848357 
-2592.338461 
-4562.093544 
-3947.237199 
-2328.748116 
-6511.279496 
-2928.859173 
-5867.108530 
-10081.459368 
-4887.708620 
-8861.042690 
-9672.262281 
-10593.788103 
-15659.659656 
-10337.268479 
-11901.133818 
-18478.520760 
-12054.417497 
-22552.805763 
-12153.763080 
-8621.920805 
-7300.899343 
-11024.977887 
-11412.455447 
-1381.412518 
-6274.019970 
1960.012263 
-5713.638350 
2176.414307 
-776.270901 
10663.673255 
6926.545652 
19798.283805 
13429.395955 
19710.619989 
26791.045489 
37310.479855 
36199.467655 
102441.765717 
16643.276602 
7620.368724 
8151.606994 
7132.566740 
3971.458323 
3839.232203 
3140.262297 
1707.213396 
1993.253677 
768.604329 
2765.925477 
1626.396367 
992.314279 
-223.234881 
45.453557 
1228.902141 
63.435233 
612.975614 
-9955.536348 
-6275.455226 
-1020.007156 
-885.740316 
-1087.223889 
-950.741454 
-638.513966 
-1507.157056 
-913.971329 
-468.974388 
-1951.159950 
-1537.768151 
-565.956978 
-1299.983836 
-1620.304797 
-2103.272540 
-4254.861499 
-1684.124189 
-3843.398038 
-3864.902421 
-3766.534113 
-2948.987976 
-2642.991094 
-3470.194327 
-5582.250275 
-5885.976778 
-5878.898314 
-7879.789948 
-8069.912833 
-8645.480226 
-7443.192610 
-8396.954295 
-7622.210247 
-8545.721108 
-7242.236001 
-12747.464854 
-7193.251619 
-4853.651379 
-6504.030728 
-6160.677928 
-3977.680246 
-4189.497653 
-3518.614934 
1194.815606 
2621.736571 
8356.671196 
4048.594515 
7216.153283 
5839.874904 
15495.014168 
22330.626590 
16268.815383 
28229.583622 
16643.276602 
50855.379296 
6956.453299 
3501.690837 
4361.729303 
1301.364653 
3763.941571 
1668.046094 
2102.540640 
1162.613168 
1334.577375 
1423.812636 
960.935003 
1433.235071 
1081.765392 
863.171103 
675.731166 
122.852187 
430.544823 
-5859.079416 
5163.890207 
-852.454459 
-541.061694 
-1098.001819 
317.428887 
-567.174218 
495.068517 
1210.279323 
830.885322 
-41.784058 
603.132492 
166.189074 
-1341.408983 
-497.921190 
-748.396323 
-1172.394108 
-770.239914 
-895.963819 
-2569.865882 
-2244.703368 
-2316.757097 
-1416.260763 
-2634.681117 
-2309.536397 
-4081.808979 
-4320.110061 
-5671.946385 
-5653.663773 
-5097.059787 
-9705.716296 
-7161.216139 
-7890.309134 
-7524.815783 
-6218.190044 
-7816.553937 
-7034.651259 
-7103.598910 
-4653.180395 
-5170.965261 
-5236.568284 
-4499.913738 
-3721.064468 
373.414637 
-2063.262894 
5286.211038 
4989.971788 
5466.081050 
4800.960659 
10626.839020 
15106.471811 
12869.677136 
20365.861771 
7620.368724 
6956.453299 
35446.288806 
3430.433053 
1962.484907 
1065.040692 
2167.313883 
2251.781282 
1074.764292 
528.902381 
746.004779 
1671.985003 
790.590942 
1364.682384 
399.481507 
162.108670 
625.516138 
159.588873 
8.492517 
-319.871727 
978.870190 
-485.161209 
-599.005596 
-976.420361 
-893.609084 
356.192689 
146.387644 
547.297764 
479.366952 
139.474961 
187.501469 
1507.763433 
-1550.629820 
-105.039237 
455.431281 
-1298.346032 
272.865447 
-1146.291125 
-1409.799718 
-1281.754912 
-445.684364 
-2087.152415 
-821.862531 
-1499.213232 
-771.081307 
-1050.958649 
-3085.053761 
-5013.223658 
-4382.811501 
-3769.790518 
-3961.026027 
-5398.561727 
-8006.832649 
-4478.334521 
-4191.147782 
-3579.751304 
-4852.843869 
-5415.778693 
-4753.145777 
-4326.596096 
-563.354510 
-5102.672165 
-1925.260321 
-2880.888399 
-332.034694 
-1376.769964 
6516.495033 
3333.026361 
7245.656920 
6895.716652 
12947.806281 
10564.765164 
8151.606994 
3501.690837 
3430.433053 
26012.790327 
1986.189580 
2639.767710 
825.193371 
1285.999611 
1000.234751 
490.438326 
626.318446 
681.422738 
366.464542 
827.441694 
1430.068978 
73.149677 
473.193289 
494.695063 
299.626450 
-124.264422 
3571.734586 
-14.501576 
448.208096 
-654.724988 
-88.609147 
-8.795415 
345.238615 
-254.855426 
-322.584903 
-411.073964 
-10.049402 
487.468255 
-156.608613 
303.859396 
171.986104 
51.198892 
-181.787757 
-969.675041 
-1513.564553 
-1477.204125 
-1921.121094 
-1052.562512 
-2719.981023 
-3806.844038 
-1821.653461 
-1312.524483 
-2706.324620 
-5564.706732 
-5507.191330 
-1300.103409 
-4425.356037 
-4090.128535 
-4782.829014 
-2902.750769 
-1753.202371 
-2509.278354 
-2917.369977 
-4804.575497 
-2378.452876 
-4845.714528 
-4780.657756 
-2945.753622 
-1889.888517 
-2360.276102 
1551.061451 
-296.488804 
4076.181211 
183.174446 
4053.226861 
8082.542042 
9543.534474 
13528.117292 
7132.566740 
4361.729303 
1962.484907 
1986.189580 
20091.994289 
987.719254 
1387.237678 
450.761641 
888.593124 
167.150502 
713.936196 
1151.099279 
135.725409 
596.777762 
390.863264 
646.863787 
688.175570 
-46.240025 
292.767749 
1404.455175 
5205.651773 
317.740729 
795.021562 
-69.254052 
-214.124428 
495.493930 
143.164337 
-96.154070 
-63.310996 
716.615345 
384.349394 
-171.631601 
-108.292753 
-195.191116 
475.590339 
-516.440706 
-279.473197 
-477.126179 
-11.414581 
-1637.759102 
-1142.677836 
-241.438168 
-304.917803 
-542.477625 
487.771312 
-398.913162 
-2364.129044 
-1949.445457 
-1202.049709 
-1815.953827 
-2267.276108 
-3638.813375 
-2796.877847 
-3758.157055 
-4188.719927 
-3016.832654 
-2531.012242 
-1644.026085 
-1552.758090 
-2910.239153 
-1714.392123 
-1359.853660 
-1228.216658 
-3654.468877 
847.506886 
226.083249 
958.272267 
-284.095737 
2463.217446 
3196.620781 
5513.411575 
8063.583038 
3971.458323 
1301.364653 
1065.040692 
2639.767710 
987.719254 
15187.734090 
1034.912426 
446.065680 
641.212738 
916.795912 
957.486238 
835.052673 
139.593859 
265.338659 
150.972654 
232.012733 
88.011611 
-16.034425 
88.552719 
-959.484580 
3801.141230 
202.876507 
268.960758 
294.810053 
235.578645 
202.110358 
292.303756 
45.482650 
-173.806738 
424.421079 
439.053429 
106.256871 
537.381941 
-643.883914 
-2.259591 
-1256.530067 
316.416543 
265.711375 
-345.507696 
-465.372950 
-1124.552923 
-1778.614246 
-44.454509 
-838.706298 
-2123.293150 
-352.938692 
-2769.699367 
-1004.439235 
-2192.010155 
-1757.819040 
-3779.184783 
-2961.772692 
-3586.885551 
-2273.730188 
-2770.533095 
-4022.268821 
-3877.453453 
-4294.600588 
-3572.694247 
-3853.531763 
-3452.245183 
-5174.527872 
-1890.095951 
-1257.994049 
-517.383409 
1088.338183 
1545.912226 
1810.802943 
1521.783136 
5720.196028 
6024.096058 
5752.397589 
3839.232203 
3763.941571 
2167.313883 
825.193371 
1387.237678 
1034.912426 
12543.539684 
366.009732 
177.109675 
386.101421 
542.152949 
637.684141 
578.458072 
799.839510 
185.663162 
-26.459835 
516.253438 
-148.190289 
503.435327 
1800.069954 
-945.442755 
-144.507094 
-40.631185 
201.924713 
-243.399547 
-64.634857 
-56.869070 
-667.084999 
-50.465690 
-732.701887 
-120.838834 
-555.777498 
237.342649 
235.454626 
-115.912877 
-283.012803 
-450.882315 
-869.612052 
-996.578726 
-1308.117897 
-382.356836 
-697.928083 
-390.886952 
-190.691853 
-1869.581107 
-1831.734877 
-1774.841696 
-2253.567391 
-2295.701012 
-1851.197098 
-1314.919917 
-408.795689 
-2544.307509 
440.187510 
-1319.293685 
-153.177842 
-2677.622298 
-2102.855337 
-2414.478930 
-1323.916545 
324.731056 
-627.015407 
-2094.579652 
-199.243404 
-508.749270 
805.684362 
2735.976958 
-515.137903 
2919.456579 
3962.485816 
4705.972803 
7261.524897 
3140.262297 
1668.046094 
2251.781282 
1285.999611 
450.761641 
446.065680 
366.009732 
9954.228617 
535.039059 
457.451722 
429.462759 
344.642688 
548.759941 
711.807793 
350.111971 
329.083847 
116.103794 
-50.943423 
140.122278 
799.741792 
-288.844122 
94.610097 
-249.219640 
-395.430767 
402.537507 
-382.475923 
495.367649 
-257.478870 
-114.959824 
-158.690467 
331.692422 
-159.421213 
218.414578 
-35.974334 
-647.504131 
-247.700514 
177.378172 
149.418055 
-98.171248 
-126.509618 
-50.310162 
-186.001514 
-1628.537428 
-199.615228 
164.808389 
-566.778910 
-512.499770 
-1252.660628 
829.945343 
-1362.689196 
-1290.762856 
-1498.926751 
-1583.470747 
-251.604697 
-2085.841010 
-3372.528770 
-188.193349 
-553.532992 
-2432.182976 
-1251.643439 
-1189.898905 
-1866.831656 
-2457.055895 
-305.936661 
2351.431611 
-1290.678836 
646.909760 
-239.302075 
-174.890953 
2406.285105 
4873.846980 
5455.261736 
1707.213396 
2102.540640 
1074.764292 
1000.234751 
888.593124 
641.212738 
177.109675 
535.039059 
8705.847713 
504.370496 
548.299982 
426.931248 
309.427072 
287.885214 
551.003450 
268.879831 
209.388295 
16.767383 
166.055035 
2603.926137 
2024.273306 
452.563984 
116.231534 
-171.957021 
-27.299342 
304.935525 
-228.571440 
635.877607 
201.853514 
281.802330 
-5.439618 
-380.130975 
-496.539582 
282.657130 
-131.329706 
120.551483 
-734.898265 
-516.346763 
78.355574 
-468.722605 
-970.210896 
-1221.986885 
754.453144 
307.337636 
3.236449 
-141.916426 
563.075993 
-881.581643 
-2562.223542 
-152.678571 
-853.802995 
-447.217892 
-779.035242 
-1382.261710 
-1797.848962 
-1236.765956 
-1403.096478 
-539.759313 
-1623.808810 
-2374.944452 
-1927.363987 
-1903.644486 
-957.591555 
-2448.887309 
398.305256 
239.154681 
-1750.985194 
-2641.942208 
2225.720357 
1063.355420 
869.701861 
1376.853568 
1993.253677 
1162.613168 
528.902381 
490.438326 
167.150502 
916.795912 
386.101421 
457.451722 
504.370496 
7457.475038 
-0.110198 
388.981073 
-51.829939 
131.139951 
173.656760 
148.715301 
98.205303 
252.448581 
156.868138 
-137.355144 
-971.991295 
96.522816 
-132.642917 
-408.210652 
95.142024 
-90.793222 
-20.519166 
-394.436930 
107.715440 
458.500966 
637.027771 
547.652664 
-30.930106 
116.331637 
170.250187 
265.209870 
25.097954 
308.892063 
550.955296 
-56.126567 
19.786122 
-45.411184 
74.093994 
-871.489235 
308.729988 
599.208900 
-667.406279 
-287.846204 
-1100.324818 
333.866078 
-1036.829647 
-1963.334364 
-665.884259 
-3173.054536 
-1700.546444 
-1332.354967 
-2320.623359 
-604.734161 
930.348059 
-1043.293370 
-1370.704163 
-1414.283935 
-781.844403 
78.074572 
-690.421141 
-1296.624339 
-294.118497 
-1960.349483 
-141.364522 
2838.751183 
747.304248 
4587.364105 
768.604329 
1334.577375 
746.004779 
626.318446 
713.936196 
957.486238 
542.152949 
429.462759 
548.299982 
-0.110198 
5865.037912 
507.696265 
149.434874 
491.232720 
136.906592 
71.037154 
222.349100 
84.208628 
65.398760 
699.230292 
235.009928 
18.534476 
-162.699501 
-261.721218 
-80.065061 
-528.455580 
-159.659365 
-439.770203 
148.079259 
28.336333 
118.963872 
-387.472163 
113.274893 
-161.702220 
-301.658637 
203.208495 
400.744062 
-195.709915 
214.335598 
-1353.169308 
-986.929063 
-664.339853 
-582.094748 
-1766.279920 
-1063.437344 
-941.597767 
-1504.038329 
-1890.839265 
-1730.319098 
-2092.918063 
-2506.544751 
-776.566185 
-2278.024674 
-399.642752 
-2359.813290 
-1737.003784 
-1682.244148 
-3298.942392 
-205.888936 
-759.782770 
-2141.229319 
-1821.863379 
-621.886626 
608.086941 
951.469145 
-582.385487 
1934.254864 
769.025901 
2934.886907 
3123.064077 
4348.611240 
5146.190045 
2765.925477 
1423.812636 
1671.985003 
681.422738 
1151.099279 
835.052673 
637.684141 
344.642688 
426.931248 
388.981073 
507.696265 
5711.534974 
236.037557 
259.419328 
109.589579 
103.919120 
334.211207 
145.145023 
96.417006 
1875.482768 
1945.946478 
243.675574 
-21.252188 
279.331514 
-23.749715 
538.153678 
321.898724 
-150.904659 
13.488793 
196.190135 
210.551722 
121.542999 
240.589309 
22.294500 
-22.160627 
-406.784280 
114.600719 
14.942730 
194.999649 
398.687795 
368.010439 
-383.287961 
-318.928090 
109.433160 
10.269186 
337.702201 
-1523.132530 
43.675397 
-666.045310 
157.278180 
-1188.326508 
-1604.407873 
-70.107805 
-261.241758 
-1386.732216 
-1823.763959 
-921.415436 
-1540.550875 
-2278.726057 
-507.522305 
-1421.339531 
-979.333886 
22.341930 
-131.245668 
-941.146512 
-1177.314471 
-94.793862 
-928.670990 
-1071.849723 
-483.579735 
3123.316372 
1437.686043 
1626.396367 
960.935003 
790.590942 
366.464542 
135.725409 
139.593859 
578.458072 
548.759941 
309.427072 
-51.829939 
149.434874 
236.037557 
4434.316452 
260.303291 
199.330759 
209.573499 
322.159418 
131.801124 
121.605541 
3281.739166 
763.088274 
136.866290 
257.918859 
59.244574 
-67.377110 
-154.112368 
105.537308 
-13.707760 
474.705697 
147.130664 
137.765851 
-223.912044 
-26.506320 
733.641498 
-818.194412 
-317.416579 
868.254615 
732.347252 
194.781895 
-246.014015 
307.413748 
-89.523818 
53.434576 
-179.689599 
215.907416 
463.379392 
888.770722 
-855.461565 
-782.899491 
-406.943455 
-637.496445 
-713.939087 
-2192.878035 
-1211.795780 
-816.395042 
-884.252335 
-883.758627 
-501.245337 
-1370.984548 
-1185.657281 
-2127.167272 
-1341.100408 
-1453.434058 
-2150.906748 
-159.631229 
-887.248326 
-589.272223 
-172.586786 
1439.122075 
858.136952 
1851.985232 
3267.550858 
992.314279 
1433.235071 
1364.682384 
827.441694 
596.777762 
265.338659 
799.839510 
711.807793 
287.885214 
131.139951 
491.232720 
259.419328 
260.303291 
4402.914983 
232.141205 
392.689894 
107.346715 
173.646425 
210.215746 
2598.363778 
-57.912492 
-44.572883 
-361.072157 
-11.604109 
-274.068176 
-42.407377 
-218.934113 
-54.001830 
-33.298935 
51.324015 
-661.071919 
-19.708763 
-372.407115 
4.641184 
-11.907740 
173.667161 
-428.670720 
348.553142 
-240.600312 
-203.827104 
-234.447488 
249.466902 
-157.256209 
-891.739969 
-357.450705 
-477.533504 
-781.445318 
-105.564441 
-382.329285 
-819.828120 
-438.725962 
-1241.702204 
1.621577 
-1481.073758 
-638.918393 
-102.749000 
-844.864927 
58.192294 
-1113.190391 
-814.433811 
-1647.643104 
-471.942287 
-604.533250 
77.420173 
-576.841461 
-658.186053 
382.401642 
-1215.389766 
673.470147 
273.060999 
2358.866601 
523.645322 
-223.234881 
1081.765392 
399.481507 
1430.068978 
390.863264 
150.972654 
185.663162 
350.111971 
551.003450 
173.656760 
136.906592 
109.589579 
199.330759 
232.141205 
3503.875030 
194.709292 
223.900162 
140.805126 
23.061712 
1791.567015 
841.507579 
406.613953 
120.703489 
-178.489351 
-258.818587 
158.220679 
1.178466 
-3.473584 
277.624616 
-34.750317 
110.821287 
-64.944654 
355.345550 
42.210828 
30.084717 
-117.153193 
178.825723 
-182.407222 
-107.882197 
-191.825126 
14.113114 
340.925342 
123.232419 
-273.489691 
589.404855 
130.876662 
-310.472933 
403.808452 
243.649409 
-71.034755 
-822.828113 
-221.623615 
512.163573 
379.309385 
-678.426123 
-995.575030 
-1059.360341 
90.787363 
-598.795641 
202.880393 
166.335305 
-1425.669636 
-378.428777 
-506.743475 
-819.447480 
561.873160 
809.093181 
143.717752 
698.173237 
1543.872210 
2029.816280 
563.092958 
45.453557 
863.171103 
162.108670 
73.149677 
646.863787 
232.012733 
-26.459835 
329.083847 
268.879831 
148.715301 
71.037154 
103.919120 
209.573499 
392.689894 
194.709292 
2956.560604 
140.222127 
5.162338 
107.681960 
2007.103266 
1708.448842 
124.006814 
112.979873 
-105.702613 
366.457674 
197.779851 
92.318633 
-227.973173 
183.085324 
82.315509 
-90.666235 
43.634386 
-138.048264 
10.859208 
9.665537 
91.771509 
249.627471 
68.269855 
-258.402112 
-60.529847 
79.310303 
-556.719273 
-224.329048 
-167.476320 
-449.686578 
380.431170 
-564.677363 
-764.168304 
-727.884123 
-1308.112256 
-482.962038 
-1694.918173 
-1115.687536 
-752.559485 
-353.250359 
-677.376078 
-939.648849 
-1476.138968 
-762.152868 
-65.676284 
-1173.267403 
-1061.645590 
-966.805993 
-1153.389492 
412.705658 
-566.129040 
162.474093 
-765.878218 
903.460982 
230.527956 
1499.621218 
2692.508467 
1228.902141 
675.731166 
625.516138 
473.193289 
688.175570 
88.011611 
516.253438 
116.103794 
209.388295 
98.205303 
222.349100 
334.211207 
322.159418 
107.346715 
223.900162 
140.222127 
2383.827871 
60.481881 
131.528456 
2198.106546 
452.624168 
169.492213 
-75.647842 
38.306859 
-200.359145 
-29.282687 
-109.983697 
-52.431513 
64.986439 
102.540948 
-298.969774 
142.559371 
-141.288538 
70.501860 
-343.818376 
-192.565001 
146.748872 
230.842805 
-21.599063 
-384.310302 
-48.855497 
-229.770561 
119.795384 
-247.860470 
-169.503019 
-143.600487 
-698.199143 
247.916672 
-458.943266 
-490.020725 
-146.807851 
-709.984187 
-407.886411 
-35.168830 
-442.700741 
-834.911917 
247.454174 
-441.794932 
50.920123 
-45.388833 
115.135909 
-996.168905 
490.953824 
-992.595455 
-997.451835 
-601.298550 
-169.176960 
-708.434459 
855.759439 
-192.741841 
926.308453 
803.223279 
63.435233 
122.852187 
159.588873 
494.695063 
-46.240025 
-16.034425 
-148.190289 
-50.943423 
16.767383 
252.448581 
84.208628 
145.145023 
131.801124 
173.646425 
140.805126 
5.162338 
60.481881 
1379.900319 
-14.618176 
780.132896 
1808.009758 
204.609449 
-46.004591 
-84.772228 
106.290967 
-12.565680 
107.677569 
73.796874 
143.583790 
109.785511 
-87.311268 
117.408028 
318.695404 
26.382718 
61.424663 
216.017325 
-24.826926 
-141.274165 
-91.119927 
-37.057621 
-87.214717 
-126.359225 
-288.489635 
-17.168919 
76.508389 
176.077106 
477.520375 
-404.182726 
-845.434107 
-73.558045 
-519.590597 
-260.809052 
-169.757634 
-403.500247 
-849.203751 
-464.878820 
-520.420328 
-773.176835 
-953.889720 
-775.694849 
-471.466632 
-524.829318 
-853.780586 
-263.733640 
-31.355487 
93.826849 
529.113167 
-236.973217 
466.707465 
-529.343387 
383.250942 
1201.965826 
612.975614 
430.544823 
8.492517 
299.626450 
292.767749 
88.552719 
503.435327 
140.122278 
166.055035 
156.868138 
65.398760 
96.417006 
121.605541 
210.215746 
23.061712 
107.681960 
131.528456 
-14.618176 
1146.420718 
424.842302 
13518.217697 
1138.399167 
-1978.899123 
1240.291563 
1379.428066 
2384.587872 
1584.872179 
1305.800270 
2747.997775 
-737.045908 
314.966040 
659.767163 
1225.239613 
737.056487 
2166.594625 
1886.474186 
5292.073588 
3057.964710 
1332.881654 
8544.956509 
4060.299286 
5248.802460 
4155.487170 
3622.440149 
6840.764703 
1349.407575 
10291.272993 
-2214.328694 
1449.830880 
-1305.678877 
3415.398562 
-7834.390085 
7888.556412 
-7973.614854 
-3414.890858 
-14270.293421 
-3662.391676 
-518.584552 
-19215.266052 
-10458.008555 
-14782.921787 
-8360.182049 
-12046.453203 
-8512.435401 
-9601.113268 
-16908.225126 
-10180.010758 
-20812.578104 
-16305.215701 
-17689.435176 
-12597.948306 
-18325.429132 
-9955.536348 
-5859.079416 
-319.871727 
-124.264422 
1404.455175 
-959.484580 
1800.069954 
799.741792 
2603.926137 
-137.355144 
699.230292 
1875.482768 
3281.739166 
2598.363778 
1791.567015 
2007.103266 
2198.106546 
780.132896 
424.842302 
152546.218347 
