549.551563 
93.211651 
98.724057 
95.549502 
103.247245 
101.650398 
108.454509 
114.297595 
114.505263 
120.180202 
131.355728 
133.204175 
133.340134 
145.130031 
145.903019 
152.361104 
165.827546 
178.299621 
186.000630 
201.402597 
207.456745 
219.666113 
221.223494 
238.922016 
252.628162 
261.749881 
277.802738 
288.991621 
288.367776 
313.519299 
327.924837 
328.271422 
324.701838 
323.354089 
344.454926 
337.427426 
337.631552 
347.470593 
345.284594 
361.293136 
360.437282 
360.772301 
355.708033 
378.872425 
366.338036 
387.039743 
396.101144 
406.216387 
431.151095 
494.753397 
522.739364 
489.731087 
320.065252 
225.511373 
188.271848 
161.284811 
141.746232 
123.238525 
111.997945 
99.770881 
93.305132 
86.356673 
76.583536 
75.574698 
66.590663 
66.354465 
59.193539 
54.374264 
48.824460 
37.147010 
33.858835 
390.571656 
