0
0
0
0
0
0
0
0
0
0
0
0
0
0
0
0
0
0
0
0
0
0
0
0
0
0
0
0
0
0
0
0
0
0
0
0
0
0
0
0
0
0
0
0
0
0
0
0
0
0
0
0
0
0
0
0
0
0
0
0
0
0
0
0
0
0
0
0
0
0
0
0
1782
74
50
62
58
74
75
83
97
81
95
91
90
101
104
110
121
127
126
118
134
161
159
177
206
190
197
201
192
188
199
185
179
165
195
198
201
178
202
182
181
163
189
190
196
169
187
210
248
250
275
184
90
30
24
14
9
7
9
4
4
1
0
2
4
1
3
1
0
0
1
5
1786
53
81
67
57
72
66
85
79
88
94
95
90
85
89
124
116
131
94
150
135
164
183
174
185
222
179
207
185
211
191
206
198
199
187
188
187
175
205
174
174
178
184
168
181
225
175
174
210
247
272
210
98
29
23
12
12
8
7
1
4
4
4
0
1
7
2
0
3
1
0
7
1838
71
64
57
67
68
82
79
72
93
102
92
93
109
101
121
118
158
147
129
169
171
179
172
201
179
207
198
188
215
210
192
201
222
205
192
151
176
187
202
180
162
175
178
208
195
197
227
235
233
231
238
107
36
20
14
10
11
11
5
5
2
0
0
1
3
0
1
1
1
0
6
1817
62
62
82
77
79
93
72
67
82
99
94
82
97
123
111
116
126
125
165
150
162
193
201
168
201
194
199
195
213
212
228
190
216
185
215
196
200
182
196
171
208
175
192
179
181
198
205
235
251
294
203
93
46
23
18
6
11
9
2
4
4
4
1
2
0
1
0
1
0
1
9
1848
75
85
88
73
63
83
91
99
90
92
106
112
109
113
106
138
134
149
158
166
157
216
197
206
199
231
226
240
232
234
238
236
229
215
183
201
198
215
191
223
188
226
194
181
198
228
214
217
267
299
215
98
51
18
19
12
12
3
6
4
4
4
1
3
0
0
3
2
2
1
7
1849
69
68
70
72
76
64
76
99
79
94
101
116
113
121
127
128
119
167
186
194
205
186
197
222
248
217
260
252
230
241
195
226
213
219
222
209
206
209
204
212
225
206
237
247
225
223
220
235
280
298
245
102
42
32
15
14
11
10
6
5
6
4
3
0
1
1
2
1
0
0
9
1834
75
73
85
66
95
81
99
121
105
100
101
110
133
122
137
144
170
173
167
168
208
184
217
220
224
224
257
239
248
261
257
246
248
239
231
246
233
238
211
200
211
195
224
233
221
241
228
245
306
333
256
110
60
30
18
15
5
6
4
2
3
0
1
3
1
1
1
0
1
1
7
1809
98
78
84
68
101
93
103
106
106
123
127
132
128
119
126
138
153
174
179
199
197
210
201
226
247
254
271
263
260
246
249
281
273
276
241
262
246
261
218
250
254
237
216
253
248
233
243
248
318
366
234
137
73
31
17
10
8
5
8
7
1
7
3
0
0
1
3
0
1
0
5
1816
81
93
85
93
103
95
98
108
105
127
126
117
133
136
144
155
191
183
200
202
227
223
239
259
246
269
307
268
293
284
269
280
336
261
271
233
236
266
283
252
280
245
236
264
259
281
299
262
352
328
311
124
62
34
21
10
14
3
11
9
3
6
2
1
0
2
0
3
2
0
10
1838
63
85
85
106
91
101
99
102
108
140
114
125
118
150
152
182
158
186
192
253
256
253
283
300
292
311
318
319
277
330
305
305
289
315
286
317
279
304
290
286
284
321
297
296
289
290
324
345
370
410
320
143
51
34
17
17
14
8
4
2
2
6
2
5
1
1
3
1
1
1
6
1876
80
79
109
84
91
97
104
140
128
108
154
132
138
139
169
164
224
216
215
233
258
287
319
332
297
338
314
339
348
346
328
318
343
328
322
326
324
298
331
329
287
328
305
307
304
330
335
371
392
418
314
157
73
35
19
14
13
8
5
4
6
4
2
1
1
1
0
0
2
3
13
1926
93
117
119
115
98
113
125
118
152
142
142
154
176
165
191
197
212
225
245
261
306
318
301
335
355
364
362
403
362
363
366
395
380
354
356
401
346
346
354
326
360
340
349
373
317
374
377
390
423
502
355
149
73
38
23
14
9
8
9
6
4
2
2
1
5
4
1
0
3
0
11
1922
108
114
103
121
98
111
110
107
139
142
158
165
187
176
230
188
233
243
269
299
352
344
338
373
399
347
406
419
466
432
425
457
420
408
395
379
406
378
369
365
389
354
369
377
347
397
421
424
455
583
391
176
86
40
22
23
14
15
8
9
5
7
1
2
2
0
1
0
4
1
7
1842
101
102
89
111
115
134
128
157
154
156
177
179
188
193
232
268
255
279
291
291
325
382
390
439
427
422
464
484
441
471
452
435
441
450
442
407
435
420
422
394
422
442
439
389
414
414
448
452
545
541
445
193
95
54
37
18
15
11
8
5
4
4
4
6
1
2
3
2
0
1
5
1798
96
129
119
117
139
133
128
152
167
176
156
198
218
220
215
228
275
286
365
384
379
411
420
491
473
501
501
524
530
524
529
527
493
480
522
470
538
438
438
451
457
459
470
438
465
483
481
444
589
590
484
211
84
32
36
20
12
12
8
7
6
3
5
3
2
0
1
3
2
0
14
1774
94
109
123
122
168
133
162
154
167
166
205
203
212
239
280
299
286
296
343
395
459
457
457
552
584
522
558
556
575
559
556
560
527
577
579
498
507
579
539
484
523
491
498
465
475
515
552
569
625
703
563
254
114
50
43
17
28
13
9
11
4
8
10
5
3
3
2
4
2
1
13
1818
116
104
125
114
151
169
157
161
187
202
200
227
211
257
247
320
335
321
427
458
475
509
554
579
574
608
627
614
656
616
657
642
635
581
588
570
581
590
599
574
566
574
588
557
538
594
579
686
691
761
626
259
113
62
38
40
31
16
17
11
13
5
5
1
3
3
5
2
4
1
13
1817
140
118
109
141
130
166
150
192
187
218
214
234
280
289
303
330
351
418
432
453
542
583
614
611
629
709
686
713
717
701
721
737
764
700
679
655
701
587
669
638
653
621
603
648
655
663
661
750
790
846
617
294
121
72
45
29
23
19
10
14
11
11
5
5
4
5
2
1
3
1
19
1771
114
142
125
154
131
150
162
224
241
199
227
238
286
298
349
390
415
450
512
498
594
615
652
700
738
761
763
782
859
785
851
776
803
800
781
787
743
732
718
712
680
701
748
788
674
714
708
801
906
922
700
306
170
98
56
25
23
18
15
14
7
8
5
8
5
1
6
2
1
1
18
1774
128
143
153
165
165
182
179
181
237
238
255
290
341
314
319
420
439
505
522
558
615
726
730
784
822
827
879
887
863
848
861
919
863
939
854
791
833
829
837
757
825
795
801
776
748
822
849
927
927
1088
833
376
161
86
64
38
32
27
16
16
11
7
8
5
5
0
6
1
2
0
8
1669
130
122
127
161
168
164
210
186
236
292
290
294
323
344
368
442
456
554
566
601
730
729
798
850
933
963
867
942
1019
967
1000
973
985
912
906
909
955
878
942
892
862
870
886
842
898
954
905
1021
1141
1185
892
421
162
104
72
49
31
25
20
12
16
8
11
7
4
3
8
6
0
1
20
1674
131
111
137
165
187
172
195
205
235
262
277
309
323
364
385
450
480
536
601
727
781
780
843
967
932
993
1057
1080
1029
1044
1019
1056
1093
1067
1009
1017
1027
986
1034
993
991
974
958
1008
1009
1010
1063
1091
1229
1312
1053
497
237
107
73
40
45
24
22
26
12
5
7
6
7
4
1
1
2
4
22
1580
138
132
143
156
197
203
213
220
244
261
274
318
365
379
438
460
495
560
653
696
743
823
874
1006
1014
1075
1122
1155
1190
1251
1151
1228
1209
1242
1214
1147
1130
1165
1152
1115
1148
1076
1083
1097
1137
1193
1204
1282
1393
1559
1183
517
243
137
91
60
36
25
19
11
13
13
7
5
6
3
3
3
4
0
20
1489
119
132
131
147
179
183
227
222
246
283
303
308
383
393
439
509
553
625
679
803
830
964
980
1017
1176
1241
1230
1286
1271
1268
1326
1291
1338
1319
1286
1264
1252
1266
1294
1190
1263
1208
1245
1251
1296
1267
1344
1444
1568
1746
1299
605
271
147
81
76
52
35
31
18
15
13
4
8
6
6
6
5
5
2
28
1502
138
144
135
165
169
184
188
224
274
280
312
340
392
426
458
538
584
646
733
856
946
1003
1059
1163
1224
1317
1415
1358
1393
1437
1460
1467
1513
1495
1419
1418
1416
1412
1411
1385
1409
1356
1384
1371
1426
1449
1618
1648
1853
1961
1469
693
289
173
119
88
52
38
36
19
16
10
11
11
13
9
5
6
3
1
29
1404
139
132
132
140
184
168
193
238
246
271
361
356
349
417
496
531
582
663
745
854
932
1036
1131
1230
1390
1466
1513
1469
1531
1587
1507
1556
1554
1595
1571
1616
1571
1510
1540
1592
1535
1552
1511
1530
1546
1661
1696
1883
2021
2064
1680
772
330
185
122
77
52
45
35
25
24
19
21
13
10
3
9
7
2
7
42
1432
87
140
141
167
159
193
198
236
253
286
325
311
392
418
475
555
632
702
800
876
1055
1130
1252
1348
1370
1505
1546
1597
1595
1667
1616
1729
1745
1827
1658
1756
1693
1658
1691
1771
1705
1709
1720
1675
1724
1797
1861
2047
2217
2341
1858
830
400
211
130
94
72
57
32
26
23
20
14
12
7
10
8
9
8
3
25
1336
101
126
144
159
170
176
202
216
251
271
299
323
380
434
505
556
631
764
806
859
1027
1167
1227
1374
1487
1547
1609
1782
1648
1850
1846
1858
1821
1864
1946
1906
1904
1923
1959
1874
1875
1831
1901
1972
2050
2071
2098
2294
2438
2719
2038
935
445
233
180
93
69
57
40
40
29
20
11
25
14
11
9
8
6
5
47
1257
107
109
128
144
162
166
168
238
210
287
326
335
394
438
469
553
617
715
808
932
1004
1166
1262
1475
1549
1573
1731
1796
1758
1907
1958
1914
1987
2019
2061
2029
2045
2130
2086
2089
2093
2083
2116
2108
2090
2197
2452
2534
2739
3024
2370
1064
474
289
170
121
95
60
54
34
27
33
24
16
19
11
7
5
9
5
48
1132
102
102
140
122
159
158
194
212
223
272
257
344
368
421
482
549
660
707
849
902
1129
1251
1368
1415
1516
1651
1706
1885
1904
1997
2081
2043
2096
2151
2120
2174
2232
2264
2274
2251
2338
2323
2353
2300
2431
2467
2616
2768
3106
3249
2530
1136
513
266
185
136
88
62
53
34
33
23
25
9
18
11
14
4
5
6
59
1090
93
108
112
131
168
146
187
177
221
245
251
336
372
400
490
565
555
655
785
885
1032
1200
1312
1404
1554
1675
1812
2061
1988
2018
2091
2150
2318
2197
2242
2328
2295
2314
2425
2491
2465
2510
2584
2584
2641
2736
2932
3080
3275
3741
2906
1337
642
340
202
161
97
82
67
44
36
25
21
13
16
11
10
5
9
14
47
1023
87
98
101
118
145
146
180
195
242
218
237
306
307
410
411
493
599
666
799
894
977
1087
1222
1403
1570
1653
1800
1897
1990
2036
2181
2248
2274
2407
2436
2410
2451
2560
2619
2616
2634
2656
2737
2804
2851
3009
3140
3497
3762
4248
3229
1388
678
367
251
181
112
92
55
58
42
38
24
19
24
18
19
9
7
6
62
888
84
83
88
107
144
148
180
188
205
228
269
303
342
385
427
511
508
674
744
798
985
1138
1242
1421
1538
1683
1721
1887
2065
2095
2183
2277
2282
2482
2387
2480
2593
2638
2681
2840
2813
2907
2912
3028
3059
3262
3455
3702
4031
4509
3541
1566
701
431
293
185
128
107
73
58
55
41
37
22
26
15
19
15
11
10
58
858
87
86
102
85
115
123
156
161
176
204
220
254
281
356
388
486
568
625
721
801
963
1102
1208
1407
1454
1680
1751
1894
2062
2168
2140
2384
2397
2486
2534
2514
2689
2767
2833
2906
2946
3023
3123
3150
3320
3455
3636
3969
4489
5049
3845
1775
831
466
265
225
117
116
80
59
57
45
29
28
23
30
15
20
11
15
80
778
75
85
84
93
104
102
135
139
170
218
201
241
253
351
347
408
529
532
674
791
934
1001
1172
1275
1437
1515
1667
1811
1952
1999
2142
2186
2320
2429
2600
2725
2712
2781
2897
2995
3131
3170
3179
3314
3450
3803
4032
4307
4881
5379
4121
2022
913
490
337
207
138
133
99
80
53
46
39
26
33
21
8
21
11
13
88
699
55
66
77
73
103
115
131
137
155
180
203
232
243
293
370
407
443
525
660
709
848
925
1068
1237
1293
1419
1717
1744
1825
2010
2105
2245
2329
2464
2626
2619
2760
2900
2930
3160
3150
3287
3373
3553
3793
3949
4133
4583
5296
5757
4500
2117
933
574
376
254
182
141
87
94
62
68
30
37
27
35
19
16
12
17
101
635
56
63
60
69
86
74
111
131
153
168
157
220
224
231
296
358
387
509
563
672
756
842
960
1059
1281
1334
1486
1681
1699
1846
2006
2072
2254
2443
2526
2526
2715
2822
2977
3052
3257
3348
3489
3682
3795
4014
4405
4854
5496
6050
4972
2254
1046
637
379
261
192
142
92
94
78
61
52
31
29
32
29
17
11
18
112
597
48
67
68
78
54
93
102
106
134
129
169
157
202
247
263
328
384
414
532
554
689
813
930
1055
1216
1220
1365
1434
1573
1814
1867
2096
2153
2303
2398
2396
2637
2857
3014
3128
3235
3415
3565
3647
3882
4237
4558
5032
5756
6408
5161
2381
1074
653
423
290
208
167
120
88
76
64
35
34
46
29
23
19
16
15
128
512
35
49
49
81
68
87
80
98
122
116
159
137
191
206
237
292
324
390
419
527
627
701
727
930
1012
1143
1228
1353
1493
1614
1724
1960
2037
2107
2220
2470
2540
2732
2808
3083
3143
3447
3695
3692
4054
4259
4815
5200
5914
6738
5425
2540
1166
689
463
299
241
186
132
110
99
78
54
44
41
27
39
26
17
22
138
456
46
50
47
64
58
69
109
73
104
126
130
131
193
184
242
239
279
366
415
466
531
644
706
863
926
1038
1115
1298
1336
1462
1607
1711
1871
2071
2124
2289
2515
2608
2689
2971
3040
3324
3474
3699
3992
4335
4564
5292
6182
7002
5643
2683
1210
741
474
328
244
157
177
112
76
81
62
68
48
37
29
21
35
16
160
406
37
39
46
62
50
60
65
61
88
94
104
125
129
168
195
239
238
317
347
422
493
529
660
659
767
929
937
1081
1211
1379
1436
1627
1699
1776
1920
2130
2276
2441
2564
2816
3025
3153
3452
3563
3840
4285
4786
5311
6062
6949
5830
2696
1257
715
476
334
250
197
135
135
99
83
72
68
57
47
41
32
19
21
177
382
28
36
37
45
40
59
61
57
76
83
85
111
140
145
157
167
237
274
270
357
400
461
558
638
686
799
911
979
1035
1230
1303
1533
1557
1723
1747
1963
2177
2313
2370
2654
2747
3044
3343
3572
3773
4151
4707
5251
6133
6973
5832
2643
1248
807
487
366
263
182
147
118
105
82
102
68
46
40
43
25
31
19
194
294
31
34
34
47
40
49
44
68
60
60
88
106
127
132
147
164
187
236
247
297
388
409
446
567
577
684
723
789
896
1044
1131
1228
1447
1498
1605
1839
1910
2079
2277
2454
2671
2851
3131
3350
3751
4179
4449
5126
6148
6966
5864
2720
1322
761
508
336
264
214
162
141
121
93
78
59
67
48
46
39
28
33
213
283
27
23
24
27
27
39
53
42
63
55
57
87
94
119
116
146
149
185
228
249
310
350
423
462
499
636
666
760
810
925
1001
1083
1217
1393
1497
1657
1805
1877
2121
2149
2534
2741
2940
3214
3428
3872
4419
4949
5917
6800
5694
2649
1374
738
521
379
268
219
174
134
115
107
78
70
58
44
60
45
37
32
249
237
17
24
29
28
35
34
31
40
58
56
58
72
78
77
95
111
141
171
176
211
251
289
344
376
413
498
533
631
709
832
866
931
1079
1203
1329
1446
1606
1717
1937
2055
2215
2379
2714
2957
3277
3667
4106
4892
5654
6571
5510
2545
1254
737
544
352
289
212
172
139
97
103
95
71
64
47
44
44
42
35
272
232
23
16
14
26
28
22
24
29
42
40
58
58
62
79
70
87
126
136
186
174
209
236
268
342
340
438
463
554
609
714
823
806
909
1042
1133
1292
1453
1565
1671
1894
1987
2279
2357
2642
3033
3380
3892
4512
5352
6322
5079
2562
1231
767
527
346
282
218
179
145
121
103
107
81
60
77
51
44
32
25
296
181
14
15
28
24
19
32
26
26
41
38
46
54
52
60
83
91
81
93
152
128
195
224
247
291
322
364
377
444
487
558
659
663
802
944
1007
1148
1250
1378
1480
1719
1799
2028
2287
2424
2689
3058
3500
4098
5058
5975
4842
2454
1195
723
456
372
268
241
175
135
129
115
112
76
66
61
70
60
41
32
302
148
13
11
22
19
23
20
24
28
41
28
35
45
45
72
51
73
80
98
110
131
138
165
205
243
238
310
307
400
411
510
537
606
637
741
881
983
1024
1122
1309
1405
1633
1822
1908
2226
2475
2852
3338
3791
4664
5460
4550
2230
1156
711
473
363
264
200
165
145
124
102
113
90
73
68
46
51
37
39
324
142
11
8
9
18
20
15
20
30
17
31
30
35
41
36
40
60
64
81
91
109
137
142
165
153
195
240
292
330
341
385
482
504
576
632
713
798
950
972
1151
1228
1460
1603
1692
2028
2280
2584
2873
3490
4198
5040
4334
2085
1069
593
449
358
249
194
198
137
117
122
81
73
58
52
57
45
44
49
377
121
7
16
8
7
12
12
23
18
24
19
31
28
31
25
39
44
66
66
77
88
114
106
147
148
175
180
214
250
289
326
406
433
486
609
590
690
793
930
996
1103
1306
1394
1421
1718
2014
2277
2641
3066
3801
4593
3804
1919
971
579
426
283
252
183
150
150
109
89
84
97
77
73
45
56
40
30
379
135
9
12
8
9
7
13
17
19
20
20
24
23
36
27
43
38
58
59
62
65
87
101
107
131
145
164
200
196
234
283
319
354
397
451
528
560
686
715
796
951
1039
1204
1371
1537
1779
2021
2364
2774
3537
4118
3531
1713
941
550
365
297
245
188
153
134
94
99
93
74
84
62
57
58
51
44
398
97
5
6
9
13
8
9
7
17
13
24
24
23
31
29
25
33
41
50
57
66
62
81
83
112
128
148
158
172
206
238
254
271
380
355
416
464
552
643
669
771
954
1011
1154
1311
1481
1785
2085
2444
3130
3663
3238
1564
800
541
368
275
200
177
154
133
103
99
79
99
67
48
55
60
47
47
454
91
7
7
6
6
12
8
9
12
10
14
14
15
20
20
23
35
31
38
45
46
53
59
88
74
112
113
137
141
166
173
229
237
287
345
366
413
440
518
586
702
802
819
1017
1157
1378
1513
1754
2182
2725
3293
2880
1463
739
447
317
220
193
133
117
99
100
79
74
69
65
60
42
54
46
46
490
78
7
6
10
9
13
8
10
7
12
11
9
18
16
24
21
27
36
36
38
50
52
44
70
70
75
113
105
147
145
159
196
200
245
284
294
347
360
458
548
602
562
771
840
957
1080
1301
1576
1911
2357
2885
2517
1181
672
386
311
199
187
127
113
143
93
80
78
72
77
36
55
48
45
23
468
60
3
7
3
5
7
4
14
8
9
14
20
16
19
24
14
28
29
31
36
36
43
55
42
67
69
88
99
88
100
136
163
163
154
203
244
289
306
373
408
473
520
623
693
821
901
1141
1369
1654
2025
2484
2120
1116
599
363
226
202
142
123
93
104
89
61
62
61
43
43
44
46
45
34
473
67
4
5
3
6
11
12
12
6
9
11
11
10
7
18
25
16
18
22
34
25
37
35
48
53
67
62
81
81
95
99
92
148
146
188
195
212
261
337
374
384
484
530
613
673
821
1006
1115
1386
1749
2187
1904
925
497
311
234
166
138
118
105
68
74
67
59
56
51
40
52
40
38
32
505
73
3
4
2
5
5
7
15
4
5
14
6
9
9
13
15
22
12
19
21
27
25
33
36
45
44
46
71
72
85
86
88
127
115
177
176
176
206
273
286
310
366
458
483
554
676
783
952
1142
1469
1890
1652
818
452
264
203
161
117
117
97
66
78
60
60
50
46
52
34
43
29
27
501
63
3
6
3
6
2
2
5
9
10
7
16
9
6
14
5
12
19
13
18
25
23
21
28
34
30
53
43
48
77
64
66
103
109
132
159
150
205
199
217
303
319
355
422
456
550
742
787
1000
1290
1590
1344
703
347
233
166
127
94
92
87
61
54
49
51
44
54
46
40
40
30
33
477
39
4
2
5
4
4
9
8
5
8
8
6
6
16
11
10
17
13
11
17
23
16
20
30
29
28
34
42
43
55
69
69
90
79
82
124
129
143
171
190
246
265
297
327
418
489
522
697
811
1091
1280
1147
581
307
222
163
100
90
77
52
52
49
48
35
34
35
34
32
32
23
23
507
47
2
1
3
4
1
5
2
4
5
7
2
6
8
6
8
4
8
16
7
15
26
19
32
22
27
21
43
44
48
44
66
73
79
76
104
107
126
144
148
181
204
240
322
327
372
464
537
687
906
1028
1005
524
278
169
132
105
72
53
55
48
48
62
46
32
35
39
36
38
21
30
492
38
3
0
3
1
0
1
2
2
1
7
4
7
10
6
2
9
3
9
6
10
8
17
17
10
19
30
32
36
33
38
58
71
61
70
62
76
85
118
132
159
190
233
241
252
342
367
488
574
715
925
808
398
252
132
127
72
71
51
52
58
44
36
30
25
26
38
22
26
30
26
475
29
4
5
3
3
3
3
2
3
3
6
2
7
8
7
3
13
6
8
10
5
9
13
18
15
18
17
27
23
22
28
30
50
42
53
70
71
67
96
100
125
137
177
196
241
275
327
405
504
627
808
723
353
213
121
90
68
64
46
37
42
42
25
38
21
30
37
20
22
27
19
468
22
1
3
2
2
5
3
4
3
3
1
1
7
1
9
5
5
3
12
9
11
11
10
20
12
19
17
23
12
17
30
30
34
38
36
54
64
77
69
78
110
111
139
172
216
216
263
326
404
513
641
599
305
165
114
70
63
42
37
31
25
38
31
26
25
20
20
21
17
16
19
475
29
2
2
1
2
2
1
1
5
1
7
5
2
3
7
6
4
8
7
6
5
16
6
10
12
18
19
17
23
28
24
27
30
38
44
45
51
52
76
64
81
113
120
119
166
198
219
280
336
409
521
504
227
120
110
67
55
49
38
19
26
29
24
25
15
20
17
21
21
17
9
417
23
1
3
2
2
2
1
2
3
1
4
2
4
5
0
7
5
5
1
6
4
9
11
7
12
14
14
16
14
16
18
19
26
23
33
44
45
49
50
73
64
108
88
100
127
152
145
226
283
360
449
392
211
139
76
73
33
36
38
27
27
21
30
12
21
17
16
21
19
8
16
440
21
1
5
2
1
3
3
0
1
1
1
0
3
3
7
4
6
6
5
4
6
8
5
11
4
7
11
14
17
14
14
25
20
20
35
28
38
45
41
53
57
67
80
78
113
110
143
191
220
283
339
286
160
109
58
56
24
27
24
16
21
17
17
24
14
21
16
11
13
21
7
423
15
1
1
1
1
2
1
3
2
2
3
5
1
3
1
3
4
1
4
5
2
6
3
3
7
8
7
5
9
13
17
15
24
17
21
22
33
37
28
31
40
67
50
76
96
83
131
159
176
244
294
309
140
83
47
33
23
11
14
23
14
11
12
9
9
17
8
16
13
12
10
402
17
0
0
0
6
0
0
2
0
1
2
5
1
1
5
3
1
4
5
7
2
3
9
7
4
8
6
9
8
6
12
13
17
22
20
15
17
27
28
37
49
42
59
60
54
97
133
129
161
203
246
222
112
68
46
30
24
15
24
13
14
15
14
11
13
9
15
9
6
5
10
367
8
1
4
1
2
0
1
0
3
2
2
1
1
2
3
5
4
5
5
2
1
0
3
2
4
6
7
7
4
5
16
9
10
16
11
15
13
12
28
36
28
41
39
58
60
79
94
113
155
161
231
190
103
52
33
27
19
13
12
9
11
6
11
6
6
9
10
5
11
11
7
367
21
0
0
1
2
2
0
0
1
2
0
1
1
1
3
1
2
6
3
2
3
7
4
2
6
9
4
13
9
8
10
8
4
8
12
14
19
19
21
29
31
30
44
33
47
62
88
84
102
138
183
133
68
41
29
19
15
16
14
13
11
10
12
9
7
8
6
6
7
5
5
341
139
5
12
7
23
13
10
8
11
14
10
12
14
19
17
14
13
21
30
15
40
32
35
32
36
35
38
40
45
48
65
61
67
83
73
78
96
110
120
122
140
168
176
241
294
342
333
459
594
769
918
841
415
212
139
112
82
68
70
58
33
48
39
36
37
44
43
37
39
35
30
5469
