6.666187e-06
-5.921178e-06
-5.221546e-06
-5.011700e-06
-2.183874e-06
-5.879955e-06
-5.389876e-06
-4.087560e-06
-5.335240e-06
-2.222756e-06
-2.657823e-06
-1.976171e-06
-1.153101e-06
-2.240780e-06
-1.071232e-06
-1.733658e-06
-3.365704e-07
-3.939377e-07
1.384070e-07
-2.765504e-08
2.817836e-07
9.883407e-07
8.834882e-07
9.873132e-07
1.315947e-06
3.394459e-07
5.918727e-07
8.426490e-07
1.061988e-06
5.972803e-07
1.078857e-09
1.131813e-06
9.136329e-07
6.339591e-07
1.982466e-07
3.913792e-07
4.776361e-07
9.648181e-07
4.683137e-07
4.174383e-07
4.047726e-07
6.939703e-07
-2.323414e-07
1.117120e-07
3.383035e-08
5.450606e-07
3.216953e-07
-5.825391e-08
6.654123e-07
-5.723116e-08
3.188702e-08
5.134161e-07
-1.596995e-07
5.085192e-08
1.405260e-08
-3.599846e-07
1.319098e-06
-9.350898e-09
7.093789e-07
3.144369e-07
-1.400181e-06
-3.951939e-07
-2.140400e-07
3.587001e-07
5.997788e-07
1.619643e-06
2.450375e-06
-2.656700e-06
-4.247304e-07
-7.967364e-07
-1.911342e-06
-3.704193e-07
-5.921178e-06
1.515440e-04
9.945154e-06
-8.358948e-07
-9.593203e-07
-4.333696e-06
1.457741e-06
3.931442e-06
-3.674734e-06
2.889146e-06
-5.849849e-07
-8.507234e-07
-1.854780e-06
-3.977946e-06
2.457220e-06
4.687109e-06
-3.577748e-06
4.820378e-07
3.885818e-06
1.032177e-07
-2.566496e-06
-1.930874e-06
-4.471093e-06
3.487478e-06
6.826964e-07
1.566492e-06
-3.505194e-06
-2.028848e-07
-4.861330e-07
2.431106e-06
3.265433e-06
1.651692e-06
9.196283e-07
-2.098976e-06
1.217578e-06
1.803143e-06
2.071714e-06
6.365263e-07
7.467784e-07
1.917097e-06
1.687448e-06
1.811458e-06
1.526430e-06
2.880457e-06
1.257014e-06
-3.064988e-07
-3.581712e-07
-1.155463e-06
4.933359e-07
1.186464e-07
2.832212e-07
-4.414542e-07
4.049620e-06
1.192707e-06
4.727134e-06
2.034331e-07
2.869341e-06
-2.131256e-06
3.344444e-06
4.426868e-06
1.092290e-05
7.917399e-06
4.807888e-06
-8.817580e-06
-4.328707e-06
-6.656271e-06
1.312828e-06
-2.090117e-06
-7.376840e-06
-4.648729e-06
-1.182732e-05
2.354622e-06
-5.221546e-06
9.945154e-06
1.266393e-04
-4.681835e-07
-4.959299e-06
5.838513e-06
2.471149e-06
-1.651647e-07
3.645018e-06
-3.466071e-06
-1.259609e-07
2.964142e-07
-6.714119e-06
2.035169e-06
1.266388e-06
-8.243368e-07
-2.206288e-06
-1.386751e-06
2.901899e-06
2.629346e-06
1.468112e-06
1.474794e-06
-1.835011e-06
5.265710e-06
-1.501614e-07
1.365319e-06
1.494539e-06
8.944688e-07
5.844383e-07
-1.388102e-06
3.371074e-06
3.706662e-07
2.620771e-06
-1.392520e-06
9.291224e-07
1.172377e-06
-2.436945e-08
7.326297e-07
-6.726979e-07
-7.544437e-08
1.183991e-06
4.017394e-07
-9.790887e-07
1.797128e-06
4.623314e-07
-1.389240e-06
5.277622e-07
1.576511e-06
-1.390869e-06
8.427611e-07
2.875063e-06
1.297880e-07
1.743093e-06
1.898900e-06
2.081675e-06
2.871556e-06
-8.658262e-08
-1.076940e-05
-8.898450e-07
-2.694533e-06
4.615344e-06
-2.411071e-06
5.121598e-06
-4.337748e-06
-7.692900e-06
3.373764e-06
-2.937972e-07
-3.760215e-06
-9.299933e-06
-3.170420e-06
7.244373e-06
1.149777e-06
-5.011700e-06
-8.358948e-07
-4.681835e-07
1.252440e-04
-1.961239e-06
2.946700e-06
-1.442780e-06
-2.699491e-06
-1.023240e-06
-3.846585e-06
3.358092e-06
2.784796e-07
1.143482e-06
4.038585e-06
-4.599813e-06
4.785366e-06
-2.168001e-06
-1.580463e-06
-1.989822e-06
4.193004e-07
-1.124253e-06
-2.223630e-06
-3.896595e-06
-1.405410e-06
2.995053e-07
-2.117962e-07
2.967413e-06
1.037206e-06
-7.402464e-07
6.583760e-07
-1.053587e-07
3.341456e-07
-1.385871e-06
4.984252e-07
-2.354866e-07
-4.379096e-07
1.630063e-06
-8.844976e-07
1.089412e-06
7.340046e-08
-7.210714e-08
1.472091e-07
1.846885e-06
9.551898e-07
1.368178e-07
-1.435466e-06
8.379874e-07
1.930755e-06
1.430800e-06
1.456415e-06
-2.402030e-07
-1.237543e-06
-4.876733e-07
-4.466239e-07
2.838075e-06
2.989276e-06
5.653735e-07
-8.563319e-07
-3.386279e-06
-7.496181e-08
1.454863e-06
7.346358e-06
1.098254e-05
-1.942753e-06
-3.339149e-06
2.995566e-06
8.546727e-07
-9.520885e-06
3.195161e-06
-9.829031e-06
9.405117e-06
3.018001e-07
-2.183874e-06
-9.593203e-07
-4.959299e-06
-1.961239e-06
1.341753e-04
1.309565e-06
6.723768e-07
-2.921332e-06
2.296287e-06
5.183075e-07
-4.587650e-06
1.896869e-06
-3.114432e-06
-7.824183e-07
-1.729324e-06
-1.918023e-08
5.533295e-06
-5.365679e-06
-1.455598e-06
-4.453651e-07
-2.734234e-06
-4.747094e-07
-1.165127e-06
-4.854579e-07
-8.304818e-07
-9.312560e-07
1.026623e-06
2.063116e-06
1.876586e-07
-1.676168e-07
1.073084e-06
-4.067361e-07
-1.176662e-07
6.142756e-07
-1.774131e-06
2.921358e-07
1.902640e-06
5.360090e-07
1.120731e-06
-4.134636e-07
-5.133616e-08
1.189406e-06
3.358671e-08
4.004700e-08
7.986739e-07
2.912810e-06
-4.178725e-07
4.083619e-08
-6.446533e-07
-1.766447e-06
3.586724e-07
5.254394e-07
1.673290e-06
-2.572650e-07
-1.796549e-06
7.434930e-06
-3.433747e-06
-5.216432e-06
5.650605e-06
-3.205134e-06
7.426855e-06
-9.878524e-08
-1.880993e-06
1.206539e-05
6.766860e-06
2.323991e-06
1.284252e-05
3.711565e-06
-2.361431e-05
1.750570e-06
-1.113847e-05
6.472809e-07
-5.879955e-06
-4.333696e-06
5.838513e-06
2.946700e-06
1.309565e-06
1.180088e-04
-8.181857e-07
-2.135998e-06
-1.200433e-06
-3.584042e-06
-3.180109e-06
-2.939145e-06
5.049791e-07
-4.365870e-06
4.684437e-06
-1.855808e-06
-1.486500e-06
4.859325e-07
-2.556555e-06
2.073209e-06
6.074779e-08
-5.062178e-07
1.761054e-07
3.067996e-07
-1.505823e-06
9.909905e-07
-8.252213e-07
-1.080257e-06
1.459878e-06
1.722301e-06
-1.072261e-06
-2.015425e-06
7.193299e-07
4.263321e-07
-7.750735e-07
2.128996e-06
1.294860e-06
-2.733644e-06
9.120171e-07
-1.986184e-06
2.879857e-07
1.042157e-06
1.115818e-06
8.651261e-08
-4.039195e-07
-9.147090e-07
-1.561028e-06
1.527044e-06
-9.303759e-07
5.464248e-07
4.894345e-07
6.894135e-07
9.747448e-07
1.813352e-06
-1.761717e-06
-5.949640e-07
-2.221445e-06
-1.038213e-06
1.658904e-06
5.468953e-06
-3.628294e-06
-2.375933e-06
1.190407e-07
2.659855e-06
-2.029250e-06
8.303052e-06
-3.962052e-06
5.764854e-06
4.696186e-06
1.214982e-05
1.991869e-06
-1.751141e-06
-5.389876e-06
1.457741e-06
2.471149e-06
-1.442780e-06
6.723768e-07
-8.181857e-07
1.097861e-04
5.229929e-09
-6.933212e-07
-2.799843e-06
3.138750e-06
-2.488745e-06
-3.027009e-06
-1.439161e-06
-3.895503e-07
2.166026e-06
-1.579729e-06
3.220730e-06
-2.972674e-06
3.116261e-06
-3.177608e-06
-1.432458e-06
8.610689e-07
-1.624139e-06
-2.321442e-06
1.529351e-06
-1.415991e-06
-1.590281e-06
-2.643225e-06
8.975823e-07
1.072902e-06
-9.128153e-07
2.076029e-06
2.501818e-07
-8.425137e-09
2.519335e-07
8.217213e-07
2.159894e-07
1.095546e-06
1.290919e-06
9.954809e-07
2.842773e-07
5.301379e-08
1.097862e-07
-4.034608e-07
1.084947e-06
4.709327e-07
4.108514e-07
9.407769e-07
1.388037e-06
-4.102041e-07
-8.706393e-07
1.803730e-06
8.680350e-07
3.633518e-06
1.387668e-06
-3.547361e-06
2.389470e-06
-1.075277e-07
-6.241622e-06
7.236356e-06
2.244808e-07
-1.811409e-06
4.546227e-06
-4.418459e-06
-7.103791e-07
2.609882e-06
8.004928e-07
2.543693e-06
-4.274437e-06
4.054094e-06
1.826527e-06
-4.087560e-06
3.931442e-06
-1.651647e-07
-2.699491e-06
-2.921332e-06
-2.135998e-06
5.229929e-09
1.102221e-04
-4.122712e-06
-5.129138e-06
1.683408e-06
-1.209509e-06
-3.102767e-06
9.980539e-07
-1.832778e-06
-8.749212e-07
-1.601977e-06
-2.129866e-07
-1.560353e-06
1.619236e-06
1.893139e-06
-2.151869e-06
-2.507364e-06
-3.609188e-07
3.397227e-08
3.333914e-08
-1.368376e-06
-5.540144e-07
7.355305e-07
-2.770237e-07
3.757585e-07
-1.306073e-06
2.594508e-06
2.934996e-07
-5.822130e-07
-1.141402e-06
1.376643e-06
2.447365e-06
-2.076600e-07
3.299947e-07
-5.925571e-08
2.855791e-06
3.189152e-06
8.551418e-07
-3.829309e-08
-3.180952e-08
-1.536489e-07
2.640993e-07
-5.558122e-07
-1.094318e-06
5.762587e-07
8.952325e-07
1.787768e-06
-1.542528e-06
-4.311594e-07
-2.163344e-06
-2.123830e-06
1.495801e-06
-1.024365e-06
1.136084e-06
3.556770e-06
-1.345800e-06
-6.782232e-07
-1.725481e-06
-5.461149e-07
9.627037e-07
6.585734e-06
2.029217e-06
4.951063e-06
1.225957e-05
-7.214195e-06
1.645954e-06
-5.335240e-06
-3.674734e-06
3.645018e-06
-1.023240e-06
2.296287e-06
-1.200433e-06
-6.933212e-07
-4.122712e-06
9.452012e-05
-4.487835e-07
1.462315e-07
-1.750701e-06
1.244544e-06
2.985453e-06
1.738429e-06
2.550451e-06
2.183401e-06
-3.109068e-07
-6.883711e-07
-2.348526e-06
9.232665e-07
5.570195e-07
2.349711e-06
3.419994e-07
-5.977089e-07
-3.275151e-07
1.285970e-06
1.103629e-06
-1.441121e-06
-3.312907e-07
-3.059453e-07
3.313372e-07
3.476775e-07
-1.361278e-06
6.484068e-07
1.235032e-06
3.669295e-07
-6.685827e-07
-4.745500e-07
6.481784e-07
3.543677e-07
2.513739e-07
1.324066e-06
7.797634e-07
1.418952e-06
2.095106e-07
3.295002e-07
1.468970e-06
9.711170e-08
3.528473e-07
2.454972e-07
1.656782e-07
1.278588e-07
-3.578905e-06
-9.367444e-07
4.537955e-06
3.166000e-06
-1.550876e-06
2.274852e-06
3.661323e-06
-5.844400e-07
6.590467e-06
3.724476e-06
1.484135e-06
6.613783e-06
-1.635213e-05
3.266075e-06
-2.355965e-08
-1.025123e-05
5.744964e-06
1.034558e-05
-1.639590e-07
-2.222756e-06
2.889146e-06
-3.466071e-06
-3.846585e-06
5.183075e-07
-3.584042e-06
-2.799843e-06
-5.129138e-06
-4.487835e-07
8.726241e-05
-2.703614e-07
3.554594e-07
-4.352315e-06
2.546121e-06
-8.087471e-07
-2.770526e-06
-2.163654e-06
-5.289954e-07
-1.577374e-06
-2.511641e-06
-2.311014e-06
-2.318829e-06
-5.084125e-09
-2.127454e-06
-8.833258e-07
3.307476e-07
-1.372959e-06
-1.664655e-07
-3.467788e-07
-1.509465e-06
-1.841583e-07
8.362151e-07
-1.008106e-06
-4.407518e-08
1.706146e-06
-1.621892e-07
5.413754e-09
-2.073354e-07
-1.627373e-06
7.347021e-07
8.626020e-07
2.739384e-06
2.773344e-07
-6.537024e-07
1.417033e-06
1.568075e-07
1.804039e-07
-8.371602e-07
-6.637870e-07
4.628121e-07
-9.836196e-07
-1.315129e-07
1.078902e-06
-2.531818e-07
4.679226e-07
1.291977e-06
-5.776841e-07
-2.353886e-06
-1.915334e-06
1.685705e-06
4.314435e-06
3.387701e-06
-5.978825e-06
-1.290577e-06
-2.415749e-06
-2.626118e-06
4.088098e-06
-3.973907e-06
-2.523870e-06
1.772393e-05
-2.233316e-06
5.023058e-07
-2.657823e-06
-5.849849e-07
-1.259609e-07
3.358092e-06
-4.587650e-06
-3.180109e-06
3.138750e-06
1.683408e-06
1.462315e-07
-2.703614e-07
8.725073e-05
-1.087282e-06
-9.509935e-07
-1.071169e-06
-1.417754e-06
-1.644830e-06
2.268591e-07
-5.864151e-07
-3.614016e-06
-5.180898e-08
-2.418686e-06
-2.099181e-06
-1.902390e-06
-2.331216e-07
3.208509e-07
4.916059e-07
1.009139e-06
-2.236275e-07
5.367416e-07
6.675696e-07
2.152927e-06
-3.838142e-08
5.997553e-07
-6.517803e-07
-9.075785e-08
1.281453e-07
9.628368e-07
-4.193658e-07
-2.726335e-07
1.669118e-06
4.191740e-07
-2.888913e-07
1.759247e-06
9.404524e-07
1.504741e-07
1.054575e-06
7.151544e-07
5.272963e-07
-2.010577e-07
9.272032e-07
1.538962e-06
-1.678332e-07
-8.700446e-07
1.661838e-06
3.173392e-06
-2.224443e-06
-7.961780e-07
-4.300350e-07
-3.084388e-06
2.327044e-06
-3.549539e-06
-2.554242e-06
-1.213812e-06
3.232830e-06
-5.667242e-06
-3.656428e-07
-4.964643e-06
3.253082e-06
7.154384e-06
9.017910e-06
5.797845e-06
4.946841e-07
-1.976171e-06
-8.507234e-07
2.964142e-07
2.784796e-07
1.896869e-06
-2.939145e-06
-2.488745e-06
-1.209509e-06
-1.750701e-06
3.554594e-07
-1.087282e-06
6.964868e-05
-3.796944e-06
1.969676e-06
-1.656085e-06
-2.999908e-07
2.607628e-07
-4.617548e-06
-8.633190e-07
-2.585636e-06
2.904646e-07
-3.596761e-07
-2.530082e-06
3.313295e-07
-1.522090e-06
1.366332e-06
-6.524318e-07
1.204518e-06
8.270715e-07
-9.077726e-07
7.519439e-07
-6.702370e-07
-1.355799e-06
2.720713e-07
1.448534e-06
1.139689e-06
-2.835635e-07
2.564942e-07
1.430734e-06
-2.129900e-07
3.060325e-07
9.218380e-07
-2.887650e-07
1.169925e-07
1.033007e-06
3.200009e-07
1.437177e-06
1.072085e-06
-8.799032e-07
7.078827e-07
4.438162e-07
5.131195e-07
-1.775276e-07
-2.000931e-07
8.716267e-07
7.613194e-07
-3.153214e-06
-4.284980e-07
1.916031e-06
6.025332e-07
8.615564e-07
-4.435310e-06
-1.109917e-06
3.642062e-06
2.257972e-06
5.537926e-07
-4.884088e-06
9.731931e-06
6.436395e-06
3.722479e-06
2.001550e-06
3.729625e-08
-1.153101e-06
-1.854780e-06
-6.714119e-06
1.143482e-06
-3.114432e-06
5.049791e-07
-3.027009e-06
-3.102767e-06
1.244544e-06
-4.352315e-06
-9.509935e-07
-3.796944e-06
6.835558e-05
-1.653632e-06
-2.353454e-06
2.554801e-06
5.104118e-08
-8.869276e-07
-2.845336e-07
-7.556611e-08
-1.546572e-06
1.120048e-06
1.988711e-07
-3.244345e-06
-6.735514e-07
-1.436752e-07
-6.252640e-07
2.108768e-06
9.746704e-07
7.674132e-07
-7.165415e-07
1.257174e-06
-5.915438e-07
5.466286e-07
1.064407e-06
1.530623e-06
5.249423e-09
-1.630370e-06
-1.317297e-07
1.608633e-06
5.478802e-07
-5.819475e-07
8.791378e-07
9.256408e-07
2.684709e-07
-4.870693e-07
1.549183e-06
-4.994355e-07
-2.680464e-07
1.564850e-06
2.902318e-07
-5.867385e-07
4.743775e-07
4.349469e-06
1.762398e-06
-8.258188e-07
3.452990e-06
1.558427e-06
2.385609e-06
-1.172842e-06
-3.420889e-06
2.926756e-06
-4.465255e-06
-3.530264e-06
-8.371531e-07
-1.582115e-06
1.397782e-06
2.620670e-06
-7.485760e-07
-5.269542e-06
1.012846e-05
3.976821e-07
-2.240780e-06
-3.977946e-06
2.035169e-06
4.038585e-06
-7.824183e-07
-4.365870e-06
-1.439161e-06
9.980539e-07
2.985453e-06
2.546121e-06
-1.071169e-06
1.969676e-06
-1.653632e-06
6.652742e-05
-1.958882e-06
1.484506e-06
1.989750e-06
7.798874e-07
-1.594156e-07
-9.717667e-07
7.788747e-07
-1.602993e-06
-8.521664e-07
-1.795990e-06
-2.790655e-06
-1.903887e-06
1.516655e-07
-8.885478e-07
-1.038335e-06
-1.453054e-06
2.614916e-07
9.606857e-07
5.732694e-07
-8.149700e-07
-1.320394e-06
4.071651e-07
1.981544e-06
1.721265e-06
4.103252e-07
2.944891e-07
1.601403e-06
5.764223e-07
9.560785e-08
-5.123355e-09
1.140021e-07
1.579227e-06
3.459500e-07
6.290224e-07
-1.017356e-09
-9.449789e-07
7.888023e-07
3.723998e-07
-1.091306e-06
3.259594e-06
8.828441e-07
5.112279e-07
4.419650e-07
-8.502069e-07
7.502464e-07
-1.876193e-06
1.424784e-07
6.425485e-07
-2.028521e-06
3.837502e-06
6.567341e-08
2.953141e-07
3.318694e-06
-3.508186e-06
1.124203e-06
-5.041440e-06
9.195959e-06
2.433087e-07
-1.071232e-06
2.457220e-06
1.266388e-06
-4.599813e-06
-1.729324e-06
4.684437e-06
-3.895503e-07
-1.832778e-06
1.738429e-06
-8.087471e-07
-1.417754e-06
-1.656085e-06
-2.353454e-06
-1.958882e-06
5.381360e-05
-3.675793e-06
-1.244917e-06
6.531054e-07
-5.457469e-07
1.657809e-07
-8.724445e-07
2.347294e-07
-2.299434e-06
1.111926e-06
-2.591242e-06
2.035118e-07
5.391070e-07
-2.173127e-07
-2.320393e-06
1.168577e-06
7.991584e-07
3.673188e-07
-1.062872e-06
-2.839060e-07
1.984448e-06
4.019262e-07
7.058352e-07
1.568907e-06
2.354958e-09
1.364581e-06
8.807176e-07
1.136315e-07
-2.248275e-07
4.008976e-08
-6.248847e-07
9.097866e-07
-1.445700e-06
-9.590130e-07
3.242285e-07
7.053390e-07
1.848345e-06
3.305143e-07
1.115535e-06
2.145967e-07
1.140767e-07
1.469226e-06
-3.032327e-07
1.785944e-06
1.476704e-06
8.890823e-07
3.519123e-06
3.846884e-07
5.143881e-06
-1.421565e-06
-4.009800e-06
4.917377e-06
-5.764986e-06
-1.106834e-06
-6.191784e-06
-1.221003e-05
4.585298e-06
-2.253289e-07
-1.733658e-06
4.687109e-06
-8.243368e-07
4.785366e-06
-1.918023e-08
-1.855808e-06
2.166026e-06
-8.749212e-07
2.550451e-06
-2.770526e-06
-1.644830e-06
-2.999908e-07
2.554801e-06
1.484506e-06
-3.675793e-06
4.870865e-05
1.276627e-06
-1.306262e-06
-1.671857e-06
-8.833646e-07
7.305032e-07
-1.187181e-06
-7.666173e-07
-1.134707e-06
-1.791509e-06
-1.147385e-06
1.676874e-06
6.279216e-07
3.160114e-07
-1.353316e-06
-9.251158e-07
1.891889e-07
4.390353e-07
-8.235165e-07
8.157295e-08
6.432749e-08
5.288752e-08
-4.617856e-07
1.226457e-06
1.504540e-07
8.520608e-07
6.508179e-07
2.542085e-06
4.473502e-07
1.475693e-06
6.637851e-07
1.102043e-06
2.938422e-07
-1.809906e-07
2.743366e-07
-1.633683e-07
-3.191029e-07
6.506528e-07
2.501081e-06
6.714686e-07
-3.044611e-08
1.351378e-06
2.424091e-06
1.659108e-06
4.411071e-07
1.251856e-06
1.266068e-06
-4.592913e-06
2.636825e-06
1.698909e-06
3.829265e-07
2.029207e-08
3.290865e-06
-5.259399e-06
-5.419297e-06
-6.499654e-06
1.612827e-06
-3.365704e-07
-3.577748e-06
-2.206288e-06
-2.168001e-06
5.533295e-06
-1.486500e-06
-1.579729e-06
-1.601977e-06
2.183401e-06
-2.163654e-06
2.268591e-07
2.607628e-07
5.104118e-08
1.989750e-06
-1.244917e-06
1.276627e-06
4.879723e-05
-1.961926e-06
-1.134941e-06
-2.068973e-06
-1.289718e-07
-2.060926e-06
1.372004e-06
-4.650655e-07
-1.457892e-06
-2.391349e-06
-1.822908e-08
1.818217e-06
-5.427062e-07
-1.424310e-06
-1.247979e-06
2.974264e-07
-3.475200e-07
2.966783e-07
6.174263e-07
-6.707526e-07
-4.945632e-07
1.856664e-07
4.890991e-07
4.768566e-07
1.539039e-06
1.202792e-06
8.463751e-07
-8.071921e-07
4.986042e-07
6.853598e-07
7.330696e-07
3.981536e-07
8.069933e-07
-6.228669e-08
3.796962e-07
3.576250e-07
-9.066170e-07
4.998966e-07
-2.678963e-06
8.023192e-07
1.314188e-06
3.753065e-06
-3.761068e-06
-1.383868e-06
-1.031559e-06
4.163545e-06
-1.555359e-06
6.053074e-06
-1.410767e-06
1.550767e-07
-3.747561e-07
8.858009e-06
-1.015249e-05
-1.447319e-06
2.858553e-06
9.764957e-07
-3.939377e-07
4.820378e-07
-1.386751e-06
-1.580463e-06
-5.365679e-06
4.859325e-07
3.220730e-06
-2.129866e-07
-3.109068e-07
-5.289954e-07
-5.864151e-07
-4.617548e-06
-8.869276e-07
7.798874e-07
6.531054e-07
-1.306262e-06
-1.961926e-06
4.557427e-05
-5.365032e-07
-8.533535e-07
-1.115113e-06
-1.107969e-06
-8.484449e-07
-3.249680e-06
-1.250089e-06
2.748685e-07
-1.145176e-06
-8.465725e-07
-1.896279e-06
9.797605e-07
7.866025e-07
1.451247e-06
7.001890e-07
-8.825566e-07
-4.791665e-07
9.128279e-07
6.277818e-07
2.675410e-09
3.648141e-07
1.371362e-06
6.946323e-08
-8.632705e-07
5.071068e-07
7.722255e-08
1.587614e-06
-2.039190e-07
-2.266177e-07
4.162015e-07
-1.682351e-07
1.341390e-06
-9.656791e-08
-3.615895e-07
-1.791613e-07
9.929415e-07
4.586666e-07
-5.552755e-07
-2.907477e-06
2.147959e-06
-3.497851e-06
-9.778899e-08
2.582888e-06
3.173348e-06
-1.114003e-08
-5.218787e-06
-8.595099e-07
-3.269560e-06
3.794288e-06
4.814832e-06
2.685029e-06
-3.895001e-06
1.119849e-05
-3.347000e-07
1.384070e-07
3.885818e-06
2.901899e-06
-1.989822e-06
-1.455598e-06
-2.556555e-06
-2.972674e-06
-1.560353e-06
-6.883711e-07
-1.577374e-06
-3.614016e-06
-8.633190e-07
-2.845336e-07
-1.594156e-07
-5.457469e-07
-1.671857e-06
-1.134941e-06
-5.365032e-07
3.151928e-05
-1.897835e-06
1.306622e-06
8.981028e-07
-1.365330e-06
1.280542e-07
-5.361622e-07
-1.772071e-06
-1.481190e-06
-1.027409e-06
-6.994509e-08
6.004230e-08
2.730640e-07
5.343424e-07
1.769302e-07
3.723074e-08
3.485734e-08
-5.641712e-09
2.408598e-08
1.335695e-07
1.026480e-06
5.118015e-07
-2.457636e-07
7.977596e-07
-5.768801e-08
2.415040e-07
8.611298e-08
-3.301653e-07
5.489448e-07
1.105347e-06
-6.852475e-08
-4.331034e-07
8.393743e-07
4.480299e-07
-1.168375e-07
1.214000e-06
9.284211e-07
1.223532e-06
1.199889e-06
1.537893e-07
1.474470e-06
-1.250874e-06
-1.030263e-06
1.747406e-06
2.858890e-06
-2.796793e-06
-1.650534e-06
1.365705e-06
4.239591e-06
3.331865e-06
1.046085e-06
2.861655e-07
-5.582079e-06
1.415037e-06
-2.765504e-08
1.032177e-07
2.629346e-06
4.193004e-07
-4.453651e-07
2.073209e-06
3.116261e-06
1.619236e-06
-2.348526e-06
-2.511641e-06
-5.180898e-08
-2.585636e-06
-7.556611e-08
-9.717667e-07
1.657809e-07
-8.833646e-07
-2.068973e-06
-8.533535e-07
-1.897835e-06
2.822390e-05
-2.276771e-07
-2.535086e-06
-7.533649e-07
2.720016e-07
-3.650070e-07
-1.049504e-06
-6.793127e-07
-5.894222e-07
-1.076957e-06
4.438307e-07
2.549025e-07
5.081899e-07
5.890352e-07
-8.217272e-08
9.323106e-08
-6.290142e-07
-2.767259e-07
2.122697e-07
7.531154e-07
6.557863e-07
4.585048e-07
1.533349e-07
6.334215e-07
6.321555e-07
-5.610512e-07
6.103595e-07
-4.383841e-08
1.408710e-06
5.782519e-08
-1.091278e-07
2.270886e-07
6.140523e-07
4.931638e-07
1.626908e-07
1.756487e-06
-6.041332e-08
1.089124e-06
2.047309e-06
-5.421182e-07
3.764271e-06
1.407204e-07
-8.107416e-07
-3.097660e-06
2.109222e-06
-2.628689e-06
-2.203793e-06
-4.059410e-06
-4.478993e-06
-2.838257e-06
4.018894e-06
-5.701473e-06
1.058739e-07
2.817836e-07
-2.566496e-06
1.468112e-06
-1.124253e-06
-2.734234e-06
6.074779e-08
-3.177608e-06
1.893139e-06
9.232665e-07
-2.311014e-06
-2.418686e-06
2.904646e-07
-1.546572e-06
7.788747e-07
-8.724445e-07
7.305032e-07
-1.289718e-07
-1.115113e-06
1.306622e-06
-2.276771e-07
2.964356e-05
-5.202229e-07
-4.967106e-07
-8.898226e-07
-9.277093e-07
-8.735871e-07
-5.321548e-07
-5.762549e-07
-3.482496e-07
-1.592217e-06
-9.923907e-07
-2.134825e-07
1.113625e-06
3.155522e-08
-5.515541e-07
-1.241224e-06
-9.146687e-08
1.183585e-06
2.018975e-07
3.961239e-07
-1.114115e-07
9.218661e-07
1.466202e-07
5.124431e-07
5.169479e-07
1.044641e-06
9.075222e-07
9.554480e-08
4.946683e-07
-1.842497e-07
1.155973e-07
1.191689e-06
-3.073963e-08
-4.586311e-07
-1.486895e-06
2.974973e-06
4.635510e-07
1.053656e-06
-1.670920e-06
8.239214e-07
-2.273323e-06
1.064644e-06
-5.391367e-07
-7.140974e-07
8.935280e-07
9.605331e-07
-3.500477e-06
1.027617e-06
-9.458664e-07
2.238485e-06
1.181279e-06
-5.025133e-07
9.883407e-07
-1.930874e-06
1.474794e-06
-2.223630e-06
-4.747094e-07
-5.062178e-07
-1.432458e-06
-2.151869e-06
5.570195e-07
-2.318829e-06
-2.099181e-06
-3.596761e-07
1.120048e-06
-1.602993e-06
2.347294e-07
-1.187181e-06
-2.060926e-06
-1.107969e-06
8.981028e-07
-2.535086e-06
-5.202229e-07
2.551696e-05
7.499099e-08
-1.291593e-07
-7.439351e-08
1.983196e-07
-1.704521e-06
-1.033890e-06
1.480473e-07
2.574359e-07
-7.040095e-08
2.287459e-07
4.690661e-07
3.286310e-07
1.819079e-07
1.170495e-07
3.564459e-07
4.449142e-07
-1.860137e-07
4.053180e-07
1.095909e-06
5.070338e-07
-4.962585e-07
3.865637e-07
9.327001e-07
-3.189253e-08
7.757073e-07
-1.536816e-07
7.883644e-07
9.555113e-07
6.071903e-07
3.189210e-07
5.108750e-07
-2.617479e-07
-1.054665e-06
4.185985e-07
-1.601941e-07
-5.721482e-07
2.846170e-06
-7.925976e-07
1.580403e-06
4.092567e-06
3.433674e-06
5.924748e-07
2.399685e-06
-3.382762e-07
3.304638e-07
-1.870304e-06
1.948883e-06
-4.829706e-07
-6.153616e-06
1.701661e-07
8.834882e-07
-4.471093e-06
-1.835011e-06
-3.896595e-06
-1.165127e-06
1.761054e-07
8.610689e-07
-2.507364e-06
2.349711e-06
-5.084125e-09
-1.902390e-06
-2.530082e-06
1.988711e-07
-8.521664e-07
-2.299434e-06
-7.666173e-07
1.372004e-06
-8.484449e-07
-1.365330e-06
-7.533649e-07
-4.967106e-07
7.499099e-08
2.440498e-05
-5.148972e-07
-2.487371e-07
1.199895e-07
-6.200597e-07
-3.923597e-07
7.945009e-08
-1.702741e-07
-9.022032e-07
-6.760701e-07
-1.302619e-07
-1.221158e-06
6.837753e-07
-1.776585e-07
2.539256e-07
4.195441e-07
-4.409962e-07
5.284002e-07
2.417303e-07
3.908731e-07
4.796698e-07
3.393088e-07
6.886145e-07
-2.486602e-07
1.320587e-07
3.571630e-07
7.819023e-07
1.474720e-07
-7.118324e-07
7.317388e-07
-4.534091e-08
-6.971058e-08
2.889198e-07
-8.227090e-07
3.050298e-06
8.106809e-07
-1.403131e-07
-2.217186e-06
-4.348452e-07
-7.281507e-07
-2.399665e-06
-4.005863e-06
2.322754e-06
8.438253e-07
1.621637e-06
-6.891669e-06
2.327122e-06
2.229059e-06
-1.385135e-06
1.917059e-07
9.873132e-07
3.487478e-06
5.265710e-06
-1.405410e-06
-4.854579e-07
3.067996e-07
-1.624139e-06
-3.609188e-07
3.419994e-07
-2.127454e-06
-2.331216e-07
3.313295e-07
-3.244345e-06
-1.795990e-06
1.111926e-06
-1.134707e-06
-4.650655e-07
-3.249680e-06
1.280542e-07
2.720016e-07
-8.898226e-07
-1.291593e-07
-5.148972e-07
2.197075e-05
-5.119554e-07
-1.152783e-06
-9.728630e-07
-4.619786e-07
-1.035125e-06
3.640504e-07
6.025869e-07
-9.341776e-08
-2.631527e-07
-9.203294e-07
4.739307e-07
-5.321362e-08
-2.872472e-07
4.285566e-07
-2.620892e-07
6.162612e-07
6.541588e-07
6.913881e-07
2.691703e-07
7.249151e-07
2.477963e-07
2.522781e-07
2.466755e-07
-1.545650e-07
8.341976e-07
2.862247e-07
1.178512e-06
6.749857e-07
-4.211473e-07
5.053433e-07
2.199329e-07
8.981492e-07
3.340276e-08
-1.014551e-06
2.988226e-06
-1.102000e-06
1.306945e-06
-2.880772e-08
2.907983e-06
-1.655739e-06
1.054961e-06
-1.572784e-06
-8.356754e-07
2.130885e-06
-8.830274e-06
1.869235e-06
-6.905849e-06
3.502237e-07
1.315947e-06
6.826964e-07
-1.501614e-07
2.995053e-07
-8.304818e-07
-1.505823e-06
-2.321442e-06
3.397227e-08
-5.977089e-07
-8.833258e-07
3.208509e-07
-1.522090e-06
-6.735514e-07
-2.790655e-06
-2.591242e-06
-1.791509e-06
-1.457892e-06
-1.250089e-06
-5.361622e-07
-3.650070e-07
-9.277093e-07
-7.439351e-08
-2.487371e-07
-5.119554e-07
1.991625e-05
-1.067314e-06
-8.100892e-07
-8.705190e-07
6.010822e-07
2.275479e-07
1.858031e-08
-2.654867e-07
8.339618e-07
9.997991e-08
2.326158e-08
2.508652e-07
-1.813468e-07
8.422535e-07
7.792018e-07
-9.786384e-08
-5.017445e-08
3.749507e-07
-1.968263e-08
1.164477e-06
4.463866e-08
2.654669e-07
8.451816e-07
5.429240e-07
3.155791e-07
2.157598e-07
2.540339e-07
2.488137e-07
3.265921e-07
2.371458e-08
1.351864e-06
-6.964512e-07
-2.945407e-07
-8.183351e-07
1.596348e-06
1.642989e-06
7.955583e-07
7.265581e-07
-1.727727e-07
1.105066e-06
-7.491965e-07
5.390079e-07
4.468937e-06
-6.645224e-06
3.928999e-06
5.493779e-06
-2.569240e-06
1.207232e-08
3.394459e-07
1.566492e-06
1.365319e-06
-2.117962e-07
-9.312560e-07
9.909905e-07
1.529351e-06
3.333914e-08
-3.275151e-07
3.307476e-07
4.916059e-07
1.366332e-06
-1.436752e-07
-1.903887e-06
2.035118e-07
-1.147385e-06
-2.391349e-06
2.748685e-07
-1.772071e-06
-1.049504e-06
-8.735871e-07
1.983196e-07
1.199895e-07
-1.152783e-06
-1.067314e-06
1.889056e-05
7.409245e-08
-1.072567e-06
-8.184896e-07
-1.068123e-07
5.899343e-07
-2.937062e-07
-3.625500e-07
1.015781e-07
5.000401e-07
4.914556e-07
6.671255e-07
-2.106730e-07
-3.497860e-07
-3.069481e-08
-1.804119e-07
2.954122e-07
5.142434e-07
7.242027e-07
1.569866e-06
-2.954591e-07
1.060205e-07
3.303447e-08
8.553275e-07
3.808039e-07
5.827578e-07
3.078254e-07
1.052330e-06
1.836027e-07
5.498735e-07
-1.920374e-06
4.437593e-07
-3.599721e-07
1.773274e-06
-4.376316e-08
9.440684e-07
1.791493e-06
-1.371556e-06
4.370417e-07
2.732296e-06
5.760318e-07
-3.483924e-06
5.842130e-06
5.002285e-06
-4.214276e-06
3.509873e-06
-3.551312e-07
5.918727e-07
-3.505194e-06
1.494539e-06
2.967413e-06
1.026623e-06
-8.252213e-07
-1.415991e-06
-1.368376e-06
1.285970e-06
-1.372959e-06
1.009139e-06
-6.524318e-07
-6.252640e-07
1.516655e-07
5.391070e-07
1.676874e-06
-1.822908e-08
-1.145176e-06
-1.481190e-06
-6.793127e-07
-5.321548e-07
-1.704521e-06
-6.200597e-07
-9.728630e-07
-8.100892e-07
7.409245e-08
1.624201e-05
-4.958270e-07
-4.071224e-07
1.200272e-07
-8.485479e-07
-2.370931e-07
2.139789e-07
7.510154e-07
-8.396498e-07
-5.575405e-07
3.511149e-08
2.459693e-07
-3.389415e-07
3.217761e-07
-2.412870e-08
-1.072855e-07
3.791163e-07
-3.650343e-07
2.042004e-07
4.774800e-07
-1.580642e-07
2.452854e-07
3.944712e-07
9.123366e-07
6.619039e-07
1.188853e-07
-2.609757e-07
-4.340502e-07
1.020840e-06
6.576318e-07
-2.335360e-07
7.027456e-07
4.074968e-07
-5.765332e-07
-1.792859e-06
-6.458048e-07
4.021427e-07
-1.098957e-06
2.388306e-06
-2.268542e-06
4.859030e-06
-5.573712e-06
3.742231e-06
-1.479002e-06
1.535734e-07
-6.034700e-07
8.426490e-07
-2.028848e-07
8.944688e-07
1.037206e-06
2.063116e-06
-1.080257e-06
-1.590281e-06
-5.540144e-07
1.103629e-06
-1.664655e-07
-2.236275e-07
1.204518e-06
2.108768e-06
-8.885478e-07
-2.173127e-07
6.279216e-07
1.818217e-06
-8.465725e-07
-1.027409e-06
-5.894222e-07
-5.762549e-07
-1.033890e-06
-3.923597e-07
-4.619786e-07
-8.705190e-07
-1.072567e-06
-4.958270e-07
1.562413e-05
-4.751182e-07
-2.778191e-07
-3.750853e-07
-3.010627e-07
-9.209574e-07
-1.818973e-07
-2.754304e-07
1.617297e-07
-3.571424e-07
-2.140917e-07
-1.011627e-07
8.188321e-07
5.146721e-07
5.376518e-07
5.439478e-07
-3.375889e-07
1.421512e-09
9.331949e-07
8.121756e-07
1.409942e-07
-1.390268e-08
-2.441608e-08
5.540570e-08
-1.756881e-07
1.763459e-07
8.058564e-07
-1.240268e-07
2.717251e-06
1.380978e-06
-5.038374e-07
2.703595e-07
-1.016666e-06
4.220125e-06
5.004265e-07
3.114469e-06
2.420355e-06
-1.771331e-06
-3.764361e-07
5.163755e-06
-2.746052e-06
-2.756935e-06
-2.297506e-06
6.908036e-07
9.439501e-07
1.061988e-06
-4.861330e-07
5.844383e-07
-7.402464e-07
1.876586e-07
1.459878e-06
-2.643225e-06
7.355305e-07
-1.441121e-06
-3.467788e-07
5.367416e-07
8.270715e-07
9.746704e-07
-1.038335e-06
-2.320393e-06
3.160114e-07
-5.427062e-07
-1.896279e-06
-6.994509e-08
-1.076957e-06
-3.482496e-07
1.480473e-07
7.945009e-08
-1.035125e-06
6.010822e-07
-8.184896e-07
-4.071224e-07
-4.751182e-07
1.666501e-05
1.568218e-07
-9.185156e-07
-1.147647e-06
7.596307e-08
3.546356e-07
2.050243e-07
2.427625e-07
2.842830e-07
2.190779e-07
1.802885e-07
-6.062974e-07
7.025379e-09
9.649574e-07
3.171480e-07
2.682454e-07
-2.868992e-07
-5.716189e-08
3.440094e-07
9.195619e-07
8.169363e-08
2.719546e-07
1.002444e-07
1.217850e-06
7.301863e-07
-9.150110e-08
-3.159748e-07
-4.068881e-07
2.226808e-06
-1.066963e-06
2.407366e-07
2.488085e-07
-4.150657e-06
1.935025e-07
-2.344187e-07
4.340697e-06
-4.888928e-07
7.116826e-07
1.867310e-06
8.245509e-07
-3.967107e-06
6.910174e-06
-2.572262e-06
-4.265566e-08
5.972803e-07
2.431106e-06
-1.388102e-06
6.583760e-07
-1.676168e-07
1.722301e-06
8.975823e-07
-2.770237e-07
-3.312907e-07
-1.509465e-06
6.675696e-07
-9.077726e-07
7.674132e-07
-1.453054e-06
1.168577e-06
-1.353316e-06
-1.424310e-06
9.797605e-07
6.004230e-08
4.438307e-07
-1.592217e-06
2.574359e-07
-1.702741e-07
3.640504e-07
2.275479e-07
-1.068123e-07
1.200272e-07
-2.778191e-07
1.568218e-07
1.279436e-05
-4.860009e-08
-2.615501e-07
3.120449e-07
-8.619679e-08
-3.782427e-07
2.097811e-07
6.861679e-07
1.267462e-07
6.104075e-08
1.548091e-07
5.756258e-07
4.525525e-07
-5.763213e-08
-4.465264e-08
-1.365047e-07
3.310703e-07
-5.883905e-08
2.677601e-07
3.162831e-07
1.134702e-06
4.084604e-07
3.296740e-07
9.096950e-07
9.137475e-07
9.780391e-07
4.367661e-07
1.250825e-06
3.050711e-07
1.517980e-07
4.209236e-06
-3.384506e-07
1.323106e-06
-9.595557e-07
9.230766e-07
-5.762361e-07
1.862237e-06
-1.386450e-06
-2.212926e-06
1.266584e-06
1.992923e-06
-1.215819e-06
6.987748e-08
1.078857e-09
3.265433e-06
3.371074e-06
-1.053587e-07
1.073084e-06
-1.072261e-06
1.072902e-06
3.757585e-07
-3.059453e-07
-1.841583e-07
2.152927e-06
7.519439e-07
-7.165415e-07
2.614916e-07
7.991584e-07
-9.251158e-07
-1.247979e-06
7.866025e-07
2.730640e-07
2.549025e-07
-9.923907e-07
-7.040095e-08
-9.022032e-07
6.025869e-07
1.858031e-08
5.899343e-07
-8.485479e-07
-3.750853e-07
-9.185156e-07
-4.860009e-08
1.194847e-05
-1.888538e-07
-7.183439e-07
-1.602681e-07
2.815660e-07
6.500044e-08
3.530381e-07
-2.902458e-07
-6.254036e-07
-8.611268e-08
7.360817e-07
-1.420397e-07
2.629708e-07
4.795776e-07
6.214463e-07
2.008544e-07
3.131096e-07
4.314798e-08
2.984105e-07
3.290796e-07
5.615257e-07
5.907237e-07
9.097551e-07
3.318817e-07
9.945725e-07
5.875049e-08
8.375353e-07
-1.109615e-06
-2.215429e-07
-4.727685e-07
3.134370e-06
-6.308631e-07
-7.062799e-07
-1.027045e-06
1.466025e-07
1.349447e-06
-4.606065e-07
4.513132e-06
-4.194276e-06
-4.120324e-06
-6.674729e-07
4.246337e-07
1.131813e-06
1.651692e-06
3.706662e-07
3.341456e-07
-4.067361e-07
-2.015425e-06
-9.128153e-07
-1.306073e-06
3.313372e-07
8.362151e-07
-3.838142e-08
-6.702370e-07
1.257174e-06
9.606857e-07
3.673188e-07
1.891889e-07
2.974264e-07
1.451247e-06
5.343424e-07
5.081899e-07
-2.134825e-07
2.287459e-07
-6.760701e-07
-9.341776e-08
-2.654867e-07
-2.937062e-07
-2.370931e-07
-3.010627e-07
-1.147647e-06
-2.615501e-07
-1.888538e-07
1.161759e-05
1.729009e-07
-4.318070e-07
-7.416481e-08
4.670062e-07
-2.476566e-07
4.642853e-08
5.699494e-08
7.865562e-07
-2.199106e-07
2.659513e-07
2.479376e-07
3.889505e-07
2.399849e-07
5.928959e-07
-2.059577e-08
1.328202e-07
9.690149e-07
4.861111e-07
1.972180e-07
5.396099e-07
-1.723515e-07
3.588225e-07
8.931656e-07
4.650549e-07
3.153347e-07
7.161210e-07
7.333840e-07
-2.300113e-06
3.760916e-06
1.079662e-06
6.334009e-07
1.497249e-06
1.776476e-06
-2.044611e-06
1.426306e-06
-5.827677e-07
-1.154782e-06
-3.077790e-06
3.799824e-06
1.000078e-07
9.136329e-07
9.196283e-07
2.620771e-06
-1.385871e-06
-1.176662e-07
7.193299e-07
2.076029e-06
2.594508e-06
3.476775e-07
-1.008106e-06
5.997553e-07
-1.355799e-06
-5.915438e-07
5.732694e-07
-1.062872e-06
4.390353e-07
-3.475200e-07
7.001890e-07
1.769302e-07
5.890352e-07
1.113625e-06
4.690661e-07
-1.302619e-07
-2.631527e-07
8.339618e-07
-3.625500e-07
2.139789e-07
-9.209574e-07
7.596307e-08
3.120449e-07
-7.183439e-07
1.729009e-07
1.273935e-05
-6.176160e-07
-3.359068e-07
-6.882672e-09
6.498154e-08
-2.462904e-07
4.044585e-07
9.503431e-08
-1.016218e-07
1.137941e-07
-2.619513e-07
1.842327e-07
3.409643e-07
2.204808e-07
1.259386e-07
4.641855e-07
1.986834e-07
6.175421e-07
3.611281e-07
6.125645e-07
8.544227e-07
1.016016e-06
1.325893e-06
3.891640e-07
-2.521313e-07
1.254534e-06
4.748239e-07
1.461508e-06
-1.196271e-06
6.472693e-07
4.063626e-10
2.341399e-06
-8.225134e-07
2.570987e-06
1.185876e-06
-7.093851e-06
2.854105e-06
-3.861942e-06
-2.815948e-06
-3.608780e-07
6.339591e-07
-2.098976e-06
-1.392520e-06
4.984252e-07
6.142756e-07
4.263321e-07
2.501818e-07
2.934996e-07
-1.361278e-06
-4.407518e-08
-6.517803e-07
2.720713e-07
5.466286e-07
-8.149700e-07
-2.839060e-07
-8.235165e-07
2.966783e-07
-8.825566e-07
3.723074e-08
-8.217272e-08
3.155522e-08
3.286310e-07
-1.221158e-06
-9.203294e-07
9.997991e-08
1.015781e-07
7.510154e-07
-1.818973e-07
3.546356e-07
-8.619679e-08
-1.602681e-07
-4.318070e-07
-6.176160e-07
1.121193e-05
-5.856768e-07
-2.631102e-07
-9.065625e-08
1.679090e-07
1.764352e-07
1.040150e-08
1.802243e-07
-2.115441e-07
-7.596468e-07
2.905399e-07
-1.669464e-07
-1.092173e-07
9.631261e-08
2.888061e-07
3.854575e-07
-1.788417e-08
3.680877e-07
8.597936e-07
2.215591e-07
3.734634e-07
5.494233e-07
1.360179e-06
-1.130143e-06
8.807316e-07
-1.826980e-06
-9.435580e-07
-3.590020e-06
1.304910e-06
9.057083e-07
-1.683433e-06
5.514610e-07
2.880333e-07
5.331590e-06
-7.865473e-07
3.285988e-06
-1.016475e-06
5.992839e-06
5.076139e-07
1.982466e-07
1.217578e-06
9.291224e-07
-2.354866e-07
-1.774131e-06
-7.750735e-07
-8.425137e-09
-5.822130e-07
6.484068e-07
1.706146e-06
-9.075785e-08
1.448534e-06
1.064407e-06
-1.320394e-06
1.984448e-06
8.157295e-08
6.174263e-07
-4.791665e-07
3.485734e-08
9.323106e-08
-5.515541e-07
1.819079e-07
6.837753e-07
4.739307e-07
2.326158e-08
5.000401e-07
-8.396498e-07
-2.754304e-07
2.050243e-07
-3.782427e-07
2.815660e-07
-7.416481e-08
-3.359068e-07
-5.856768e-07
1.052217e-05
-4.854270e-07
-1.123335e-06
-5.376852e-07
-2.351261e-07
4.211061e-07
-2.054022e-07
-1.793318e-07
5.030890e-08
8.221502e-08
2.133935e-07
1.084808e-07
1.306816e-07
2.856319e-07
8.245388e-08
8.394176e-07
3.376469e-07
4.757525e-09
5.136766e-07
1.804708e-07
5.836786e-07
1.074845e-07
6.501404e-07
-6.412627e-07
2.211068e-06
-7.842572e-07
-4.316866e-07
1.325179e-06
1.644627e-06
1.000747e-06
1.360206e-06
-4.236798e-07
-4.649877e-06
1.520705e-06
-1.073653e-06
-8.184374e-07
-8.618896e-07
1.055206e-07
3.913792e-07
1.803143e-06
1.172377e-06
-4.379096e-07
2.921358e-07
2.128996e-06
2.519335e-07
-1.141402e-06
1.235032e-06
-1.621892e-07
1.281453e-07
1.139689e-06
1.530623e-06
4.071651e-07
4.019262e-07
6.432749e-08
-6.707526e-07
9.128279e-07
-5.641712e-09
-6.290142e-07
-1.241224e-06
1.170495e-07
-1.776585e-07
-5.321362e-08
2.508652e-07
4.914556e-07
-5.575405e-07
1.617297e-07
2.427625e-07
2.097811e-07
6.500044e-08
4.670062e-07
-6.882672e-09
-2.631102e-07
-4.854270e-07
1.242924e-05
1.752779e-08
-1.017809e-06
-4.213698e-07
-7.289774e-07
1.050935e-07
9.390432e-08
1.651433e-07
1.048463e-07
4.964712e-07
6.919961e-08
-4.352275e-08
5.386080e-08
4.485804e-07
2.554321e-07
3.470130e-07
5.421825e-07
4.786206e-07
8.749104e-07
9.018193e-07
-6.913483e-07
1.317383e-06
1.093780e-06
6.722844e-07
-3.102879e-07
8.939689e-07
1.271064e-06
-5.959433e-07
-6.766966e-07
2.434413e-06
3.708225e-06
3.056696e-06
-1.248455e-06
-6.824690e-07
7.298805e-07
3.495270e-06
5.323111e-07
4.776361e-07
2.071714e-06
-2.436945e-08
1.630063e-06
1.902640e-06
1.294860e-06
8.217213e-07
1.376643e-06
3.669295e-07
5.413754e-09
9.628368e-07
-2.835635e-07
5.249423e-09
1.981544e-06
7.058352e-07
5.288752e-08
-4.945632e-07
6.277818e-07
2.408598e-08
-2.767259e-07
-9.146687e-08
3.564459e-07
2.539256e-07
-2.872472e-07
-1.813468e-07
6.671255e-07
3.511149e-08
-3.571424e-07
2.842830e-07
6.861679e-07
3.530381e-07
-2.476566e-07
6.498154e-08
-9.065625e-08
-1.123335e-06
1.752779e-08
1.087090e-05
-2.633532e-09
1.148319e-09
1.167707e-07
2.013507e-07
3.547584e-07
3.561548e-07
2.096463e-07
-1.020822e-07
2.673255e-07
-2.582889e-07
4.108899e-08
2.201837e-08
2.804088e-07
2.655207e-07
3.719903e-07
1.087927e-06
1.168711e-06
5.559496e-07
-3.324685e-07
-1.369794e-06
3.758999e-07
8.100444e-08
2.160757e-06
-1.497078e-06
2.913378e-06
6.115466e-07
2.563618e-06
-6.741085e-07
6.846505e-07
2.249706e-06
3.229010e-06
3.996545e-07
-2.797122e-06
2.440932e-06
-2.043045e-07
9.648181e-07
6.365263e-07
7.326297e-07
-8.844976e-07
5.360090e-07
-2.733644e-06
2.159894e-07
2.447365e-06
-6.685827e-07
-2.073354e-07
-4.193658e-07
2.564942e-07
-1.630370e-06
1.721265e-06
1.568907e-06
-4.617856e-07
1.856664e-07
2.675410e-09
1.335695e-07
2.122697e-07
1.183585e-06
4.449142e-07
4.195441e-07
4.285566e-07
8.422535e-07
-2.106730e-07
2.459693e-07
-2.140917e-07
2.190779e-07
1.267462e-07
-2.902458e-07
4.642853e-08
-2.462904e-07
1.679090e-07
-5.376852e-07
-1.017809e-06
-2.633532e-09
1.108767e-05
1.501618e-07
5.523933e-07
2.351120e-07
4.776416e-07
-4.288497e-07
-7.467441e-08
-4.604847e-07
5.469997e-08
-3.107370e-07
2.734166e-08
2.797905e-07
2.761883e-07
2.736486e-07
4.065962e-07
4.196377e-07
6.060326e-07
1.360952e-07
7.106461e-07
8.650072e-07
-3.983453e-07
1.061768e-06
7.950743e-07
7.629325e-07
1.385659e-07
6.520854e-07
4.058715e-06
1.025539e-06
-1.036526e-06
-1.214103e-06
-5.099614e-06
-4.351241e-06
7.386581e-07
1.272324e-06
5.767456e-07
4.683137e-07
7.467784e-07
-6.726979e-07
1.089412e-06
1.120731e-06
9.120171e-07
1.095546e-06
-2.076600e-07
-4.745500e-07
-1.627373e-06
-2.726335e-07
1.430734e-06
-1.317297e-07
4.103252e-07
2.354958e-09
1.226457e-06
4.890991e-07
3.648141e-07
1.026480e-06
7.531154e-07
2.018975e-07
-1.860137e-07
-4.409962e-07
-2.620892e-07
7.792018e-07
-3.497860e-07
-3.389415e-07
-1.011627e-07
1.802885e-07
6.104075e-08
-6.254036e-07
5.699494e-08
4.044585e-07
1.764352e-07
-2.351261e-07
-4.213698e-07
1.148319e-09
1.501618e-07
9.908174e-06
-1.940516e-07
-4.724070e-07
2.976427e-07
-7.781726e-08
-6.129621e-08
2.329841e-07
-1.695876e-08
-8.773210e-08
5.262886e-07
3.044546e-07
7.015260e-08
1.157285e-07
1.129314e-07
-4.155703e-07
1.690020e-06
1.350070e-06
8.699943e-07
6.057545e-09
1.124656e-06
2.669260e-06
1.848770e-06
-3.877726e-08
2.042113e-06
-1.694412e-06
1.295735e-06
2.810377e-06
-3.393278e-07
2.193557e-07
1.815297e-06
1.290432e-06
5.943781e-07
2.768048e-06
7.005071e-07
4.174383e-07
1.917097e-06
-7.544437e-08
7.340046e-08
-4.134636e-07
-1.986184e-06
1.290919e-06
3.299947e-07
6.481784e-07
7.347021e-07
1.669118e-06
-2.129900e-07
1.608633e-06
2.944891e-07
1.364581e-06
1.504540e-07
4.768566e-07
1.371362e-06
5.118015e-07
6.557863e-07
3.961239e-07
4.053180e-07
5.284002e-07
6.162612e-07
-9.786384e-08
-3.069481e-08
3.217761e-07
8.188321e-07
-6.062974e-07
1.548091e-07
-8.611268e-08
7.865562e-07
9.503431e-08
1.040150e-08
4.211061e-07
-7.289774e-07
1.167707e-07
5.523933e-07
-1.940516e-07
9.063359e-06
3.025625e-07
-3.023944e-07
1.747956e-07
2.747167e-07
-1.735872e-07
1.046426e-07
2.095347e-07
-8.297656e-08
1.473837e-07
5.347734e-07
5.624716e-07
1.270665e-07
2.635252e-07
8.961710e-07
1.081122e-06
6.761119e-07
1.294326e-06
2.440525e-07
2.811269e-07
3.866335e-07
6.453772e-07
2.548805e-06
2.479411e-06
4.518108e-07
2.216178e-07
-2.227918e-06
7.029932e-07
9.076612e-07
-1.715911e-06
-1.671391e-06
1.532790e-06
7.584581e-07
4.047726e-07
1.687448e-06
1.183991e-06
-7.210714e-08
-5.133616e-08
2.879857e-07
9.954809e-07
-5.925571e-08
3.543677e-07
8.626020e-07
4.191740e-07
3.060325e-07
5.478802e-07
1.601403e-06
8.807176e-07
8.520608e-07
1.539039e-06
6.946323e-08
-2.457636e-07
4.585048e-07
-1.114115e-07
1.095909e-06
2.417303e-07
6.541588e-07
-5.017445e-08
-1.804119e-07
-2.412870e-08
5.146721e-07
7.025379e-09
5.756258e-07
7.360817e-07
-2.199106e-07
-1.016218e-07
1.802243e-07
-2.054022e-07
1.050935e-07
2.013507e-07
2.351120e-07
-4.724070e-07
3.025625e-07
8.488072e-06
-1.116110e-07
5.086745e-08
9.519301e-08
3.298289e-07
7.649278e-08
-2.768094e-07
4.504854e-08
4.951665e-07
1.328138e-07
-2.421177e-07
4.995101e-07
3.202366e-07
4.186546e-07
1.060913e-06
1.527236e-07
1.853715e-06
4.027305e-07
3.641385e-07
1.402254e-06
7.197173e-07
2.692283e-07
-3.347288e-07
2.038806e-06
-1.024448e-06
1.144295e-06
1.937650e-06
7.185506e-08
-2.346056e-06
-1.170864e-06
2.779586e-06
5.724763e-07
6.939703e-07
1.811458e-06
4.017394e-07
1.472091e-07
1.189406e-06
1.042157e-06
2.842773e-07
2.855791e-06
2.513739e-07
2.739384e-06
-2.888913e-07
9.218380e-07
-5.819475e-07
5.764223e-07
1.136315e-07
6.508179e-07
1.202792e-06
-8.632705e-07
7.977596e-07
1.533349e-07
9.218661e-07
5.070338e-07
3.908731e-07
6.913881e-07
3.749507e-07
2.954122e-07
-1.072855e-07
5.376518e-07
9.649574e-07
4.525525e-07
-1.420397e-07
2.659513e-07
1.137941e-07
-2.115441e-07
-1.793318e-07
9.390432e-08
3.547584e-07
4.776416e-07
2.976427e-07
-3.023944e-07
-1.116110e-07
8.722865e-06
1.486206e-07
-1.282120e-07
1.786229e-07
-4.601199e-08
1.603948e-07
3.476733e-07
2.507763e-07
-1.251794e-07
3.678046e-08
1.223213e-07
8.394367e-07
6.662882e-07
-1.602419e-07
1.002016e-06
1.168498e-06
-7.420638e-07
2.323955e-06
1.403493e-06
1.583049e-06
2.053588e-06
1.515850e-06
1.604906e-06
7.421341e-07
-3.518360e-07
3.112736e-06
-2.265343e-06
3.261034e-07
4.483580e-06
-1.890167e-06
1.556688e-07
-2.323414e-07
1.526430e-06
-9.790887e-07
1.846885e-06
3.358671e-08
1.115818e-06
5.301379e-08
3.189152e-06
1.324066e-06
2.773344e-07
1.759247e-06
-2.887650e-07
8.791378e-07
9.560785e-08
-2.248275e-07
2.542085e-06
8.463751e-07
5.071068e-07
-5.768801e-08
6.334215e-07
1.466202e-07
-4.962585e-07
4.796698e-07
2.691703e-07
-1.968263e-08
5.142434e-07
3.791163e-07
5.439478e-07
3.171480e-07
-5.763213e-08
2.629708e-07
2.479376e-07
-2.619513e-07
-7.596468e-07
5.030890e-08
1.651433e-07
3.561548e-07
-4.288497e-07
-7.781726e-08
1.747956e-07
5.086745e-08
1.486206e-07
9.424223e-06
-4.454233e-08
1.101614e-07
-3.534823e-07
-3.547319e-07
2.497674e-07
-3.601290e-07
-2.733240e-07
2.555799e-07
-1.357793e-07
2.797013e-07
7.984361e-08
8.057851e-07
2.162546e-07
2.275851e-06
3.458634e-07
1.844316e-06
-1.265186e-07
1.174807e-06
-1.048507e-08
1.082165e-06
-2.089908e-06
-9.637782e-07
3.989689e-07
-2.088974e-07
1.968733e-06
1.746386e-06
1.260079e-06
-6.634959e-07
4.733425e-07
1.117120e-07
2.880457e-06
1.797128e-06
9.551898e-07
4.004700e-08
8.651261e-08
1.097862e-07
8.551418e-07
7.797634e-07
-6.537024e-07
9.404524e-07
1.169925e-07
9.256408e-07
-5.123355e-09
4.008976e-08
4.473502e-07
-8.071921e-07
7.722255e-08
2.415040e-07
6.321555e-07
5.124431e-07
3.865637e-07
3.393088e-07
7.249151e-07
1.164477e-06
7.242027e-07
-3.650343e-07
-3.375889e-07
2.682454e-07
-4.465264e-08
4.795776e-07
3.889505e-07
1.842327e-07
2.905399e-07
8.221502e-08
1.048463e-07
2.096463e-07
-7.467441e-08
-6.129621e-08
2.747167e-07
9.519301e-08
-1.282120e-07
-4.454233e-08
8.298518e-06
1.394526e-07
-1.849194e-07
9.761369e-08
-4.099040e-07
-9.367688e-08
-1.103118e-07
1.071766e-07
4.129115e-07
-2.880453e-07
1.865132e-07
6.679246e-07
-3.793491e-07
2.468657e-07
1.169861e-06
2.502907e-07
1.903166e-06
6.996521e-07
5.797991e-07
2.479544e-06
-1.636525e-06
-1.029411e-06
1.106419e-06
1.305118e-06
2.728630e-06
1.843395e-06
4.105358e-06
3.477338e-06
-6.417356e-08
3.383035e-08
1.257014e-06
4.623314e-07
1.368178e-07
7.986739e-07
-4.039195e-07
-4.034608e-07
-3.829309e-08
1.418952e-06
1.417033e-06
1.504741e-07
1.033007e-06
2.684709e-07
1.140021e-07
-6.248847e-07
1.475693e-06
4.986042e-07
1.587614e-06
8.611298e-08
-5.610512e-07
5.169479e-07
9.327001e-07
6.886145e-07
2.477963e-07
4.463866e-08
1.569866e-06
2.042004e-07
1.421512e-09
-2.868992e-07
-1.365047e-07
6.214463e-07
2.399849e-07
3.409643e-07
-1.669464e-07
2.133935e-07
4.964712e-07
-1.020822e-07
-4.604847e-07
2.329841e-07
-1.735872e-07
3.298289e-07
1.786229e-07
1.101614e-07
1.394526e-07
8.431060e-06
1.925764e-08
4.179601e-07
4.085004e-07
2.039950e-07
4.703799e-08
-3.549778e-07
-1.010107e-08
-2.465054e-08
-2.409504e-07
-1.762550e-09
5.057947e-07
-9.774398e-07
2.241726e-06
8.565083e-07
8.882539e-07
3.843615e-07
7.861401e-07
-4.293037e-07
7.832371e-07
2.318312e-06
4.674246e-09
4.773318e-07
-3.656495e-08
1.761101e-06
6.291486e-06
3.556390e-06
4.142300e-07
5.450606e-07
-3.064988e-07
-1.389240e-06
-1.435466e-06
2.912810e-06
-9.147090e-07
1.084947e-06
-3.180952e-08
2.095106e-07
1.568075e-07
1.054575e-06
3.200009e-07
-4.870693e-07
1.579227e-06
9.097866e-07
6.637851e-07
6.853598e-07
-2.039190e-07
-3.301653e-07
6.103595e-07
1.044641e-06
-3.189253e-08
-2.486602e-07
2.522781e-07
2.654669e-07
-2.954591e-07
4.774800e-07
9.331949e-07
-5.716189e-08
3.310703e-07
2.008544e-07
5.928959e-07
2.204808e-07
-1.092173e-07
1.084808e-07
6.919961e-08
2.673255e-07
5.469997e-08
-1.695876e-08
1.046426e-07
7.649278e-08
-4.601199e-08
-3.534823e-07
-1.849194e-07
1.925764e-08
8.258739e-06
-2.713750e-07
-4.624564e-07
-3.135515e-07
-2.008869e-07
8.263430e-08
-7.835855e-08
2.883275e-07
-6.713938e-07
3.874492e-07
7.769732e-07
-1.060176e-06
-9.152663e-07
8.788417e-08
-3.281176e-07
2.815013e-07
4.923196e-07
-3.282628e-07
2.564814e-06
1.406597e-06
-3.115144e-07
1.706594e-06
-7.963257e-07
3.034741e-06
-2.515109e-06
-2.035313e-06
2.822846e-07
3.216953e-07
-3.581712e-07
5.277622e-07
8.379874e-07
-4.178725e-07
-1.561028e-06
4.709327e-07
-1.536489e-07
3.295002e-07
1.804039e-07
7.151544e-07
1.437177e-06
1.549183e-06
3.459500e-07
-1.445700e-06
1.102043e-06
7.330696e-07
-2.266177e-07
5.489448e-07
-4.383841e-08
9.075222e-07
7.757073e-07
1.320587e-07
2.466755e-07
8.451816e-07
1.060205e-07
-1.580642e-07
8.121756e-07
3.440094e-07
-5.883905e-08
3.131096e-07
-2.059577e-08
1.259386e-07
9.631261e-08
1.306816e-07
-4.352275e-08
-2.582889e-07
-3.107370e-07
-8.773210e-08
2.095347e-07
-2.768094e-07
1.603948e-07
-3.547319e-07
9.761369e-08
4.179601e-07
-2.713750e-07
7.881432e-06
-3.454580e-09
-2.975193e-07
-2.192459e-07
-5.353320e-07
-1.709918e-07
-7.122537e-07
-2.945697e-07
3.582811e-07
5.500071e-07
8.681474e-07
-3.398600e-07
-1.513991e-07
-4.754876e-07
2.023400e-06
1.265457e-06
6.397185e-08
1.279370e-06
5.895497e-07
2.713632e-06
-1.385633e-06
-4.491835e-07
-6.999882e-07
4.786272e-06
-5.657670e-07
5.177926e-07
-5.825391e-08
-1.155463e-06
1.576511e-06
1.930755e-06
4.083619e-08
1.527044e-06
4.108514e-07
2.640993e-07
1.468970e-06
-8.371602e-07
5.272963e-07
1.072085e-06
-4.994355e-07
6.290224e-07
-9.590130e-07
2.938422e-07
3.981536e-07
4.162015e-07
1.105347e-06
1.408710e-06
9.554480e-08
-1.536816e-07
3.571630e-07
-1.545650e-07
5.429240e-07
3.303447e-08
2.452854e-07
1.409942e-07
9.195619e-07
2.677601e-07
4.314798e-08
1.328202e-07
4.641855e-07
2.888061e-07
2.856319e-07
5.386080e-08
4.108899e-08
2.734166e-08
5.262886e-07
-8.297656e-08
4.504854e-08
3.476733e-07
2.497674e-07
-4.099040e-07
4.085004e-07
-4.624564e-07
-3.454580e-09
7.776724e-06
-3.782293e-07
-2.830608e-07
-4.419816e-07
-3.079804e-07
-4.261893e-07
5.188593e-07
-6.988984e-07
7.344722e-07
8.019558e-08
3.857616e-07
-8.478335e-07
9.309975e-07
1.451314e-06
-1.222544e-06
1.631723e-06
1.427052e-06
1.541248e-06
7.480653e-07
1.783621e-06
-3.890770e-07
2.965307e-06
5.331405e-06
2.117017e-06
5.124482e-07
6.654123e-07
4.933359e-07
-1.390869e-06
1.430800e-06
-6.446533e-07
-9.303759e-07
9.407769e-07
-5.558122e-07
9.711170e-08
-6.637870e-07
-2.010577e-07
-8.799032e-07
-2.680464e-07
-1.017356e-09
3.242285e-07
-1.809906e-07
8.069933e-07
-1.682351e-07
-6.852475e-08
5.782519e-08
4.946683e-07
7.883644e-07
7.819023e-07
8.341976e-07
3.155791e-07
8.553275e-07
3.944712e-07
-1.390268e-08
8.169363e-08
3.162831e-07
2.984105e-07
9.690149e-07
1.986834e-07
3.854575e-07
8.245388e-08
4.485804e-07
2.201837e-08
2.797905e-07
3.044546e-07
1.473837e-07
4.951665e-07
2.507763e-07
-3.601290e-07
-9.367688e-08
2.039950e-07
-3.135515e-07
-2.975193e-07
-3.782293e-07
7.364126e-06
2.457613e-07
-6.541886e-07
-1.343011e-07
-3.812930e-07
-1.157591e-06
5.175794e-07
2.307284e-07
-5.848992e-07
9.483972e-07
7.066175e-07
-8.931287e-07
6.090651e-07
2.341777e-06
7.268477e-07
1.146457e-06
2.081784e-06
8.849907e-08
-1.231610e-06
-1.695685e-06
-7.949813e-08
-1.897975e-06
1.946675e-06
2.682388e-07
-5.723116e-08
1.186464e-07
8.427611e-07
1.456415e-06
-1.766447e-06
5.464248e-07
1.388037e-06
-1.094318e-06
3.528473e-07
4.628121e-07
9.272032e-07
7.078827e-07
1.564850e-06
-9.449789e-07
7.053390e-07
2.743366e-07
-6.228669e-08
1.341390e-06
-4.331034e-07
-1.091278e-07
-1.842497e-07
9.555113e-07
1.474720e-07
2.862247e-07
2.157598e-07
3.808039e-07
9.123366e-07
-2.441608e-08
2.719546e-07
1.134702e-06
3.290796e-07
4.861111e-07
6.175421e-07
-1.788417e-08
8.394176e-07
2.554321e-07
2.804088e-07
2.761883e-07
7.015260e-08
5.347734e-07
1.328138e-07
-1.251794e-07
-2.733240e-07
-1.103118e-07
4.703799e-08
-2.008869e-07
-2.192459e-07
-2.830608e-07
2.457613e-07
6.094204e-06
1.142570e-07
-7.536163e-07
-1.174817e-08
-4.646697e-07
1.514845e-08
-6.174686e-07
-6.314742e-07
-8.351214e-07
-7.374439e-07
2.881492e-07
-2.722178e-06
2.665224e-06
-1.766235e-06
6.540326e-07
2.079305e-06
4.355192e-07
-2.086123e-07
-2.574398e-06
1.875824e-06
-1.601810e-06
2.923556e-06
4.356484e-07
3.188702e-08
2.832212e-07
2.875063e-06
-2.402030e-07
3.586724e-07
4.894345e-07
-4.102041e-07
5.762587e-07
2.454972e-07
-9.836196e-07
1.538962e-06
4.438162e-07
2.902318e-07
7.888023e-07
1.848345e-06
-1.633683e-07
3.796962e-07
-9.656791e-08
8.393743e-07
2.270886e-07
1.155973e-07
6.071903e-07
-7.118324e-07
1.178512e-06
2.540339e-07
5.827578e-07
6.619039e-07
5.540570e-08
1.002444e-07
4.084604e-07
5.615257e-07
1.972180e-07
3.611281e-07
3.680877e-07
3.376469e-07
3.470130e-07
2.655207e-07
2.736486e-07
1.157285e-07
5.624716e-07
-2.421177e-07
3.678046e-08
2.555799e-07
1.071766e-07
-3.549778e-07
8.263430e-08
-5.353320e-07
-4.419816e-07
-6.541886e-07
1.142570e-07
5.156482e-06
-5.008757e-07
-4.710734e-07
-2.305534e-07
-2.542535e-07
-4.487974e-07
-1.239115e-06
-3.951139e-07
-9.171326e-07
-1.243981e-07
-1.600741e-06
6.684028e-07
7.320461e-07
-2.306266e-06
-8.048090e-07
3.490261e-07
-3.089434e-07
-5.159295e-07
1.005996e-06
-2.897921e-06
-1.676153e-07
1.401713e-07
5.134161e-07
-4.414542e-07
1.297880e-07
-1.237543e-06
5.254394e-07
6.894135e-07
-8.706393e-07
8.952325e-07
1.656782e-07
-1.315129e-07
-1.678332e-07
5.131195e-07
-5.867385e-07
3.723998e-07
3.305143e-07
-3.191029e-07
3.576250e-07
-3.615895e-07
4.480299e-07
6.140523e-07
1.191689e-06
3.189210e-07
7.317388e-07
6.749857e-07
2.488137e-07
3.078254e-07
1.188853e-07
-1.756881e-07
1.217850e-06
3.296740e-07
5.907237e-07
5.396099e-07
6.125645e-07
8.597936e-07
4.757525e-09
5.421825e-07
3.719903e-07
4.065962e-07
1.129314e-07
1.270665e-07
4.995101e-07
1.223213e-07
-1.357793e-07
4.129115e-07
-1.010107e-08
-7.835855e-08
-1.709918e-07
-3.079804e-07
-1.343011e-07
-7.536163e-07
-5.008757e-07
6.354482e-06
-4.498013e-07
-1.071837e-06
-1.144027e-06
-3.623028e-09
-7.245336e-07
-1.287891e-06
4.974456e-08
-2.199290e-06
-1.194695e-06
3.479153e-07
-3.177988e-06
1.954234e-07
-2.317713e-06
-2.132247e-07
3.474163e-07
2.400778e-06
-5.392416e-06
9.078345e-07
4.320046e-07
2.812760e-07
-1.596995e-07
4.049620e-06
1.743093e-06
-4.876733e-07
1.673290e-06
9.747448e-07
1.803730e-06
1.787768e-06
1.278588e-07
1.078902e-06
-8.700446e-07
-1.775276e-07
4.743775e-07
-1.091306e-06
1.115535e-06
6.506528e-07
-9.066170e-07
-1.791613e-07
-1.168375e-07
4.931638e-07
-3.073963e-08
5.108750e-07
-4.534091e-08
-4.211473e-07
3.265921e-07
1.052330e-06
-2.609757e-07
1.763459e-07
7.301863e-07
9.096950e-07
9.097551e-07
-1.723515e-07
8.544227e-07
2.215591e-07
5.136766e-07
4.786206e-07
1.087927e-06
4.196377e-07
-4.155703e-07
2.635252e-07
3.202366e-07
8.394367e-07
2.797013e-07
-2.880453e-07
-2.465054e-08
2.883275e-07
-7.122537e-07
-4.261893e-07
-3.812930e-07
-1.174817e-08
-4.710734e-07
-4.498013e-07
1.309799e-05
-1.774827e-06
-6.023922e-08
-1.750213e-06
5.415006e-08
-1.389773e-06
5.316404e-07
-1.743972e-07
9.507065e-07
-4.189394e-07
-2.238593e-06
-1.274138e-06
-2.291209e-06
2.989016e-07
4.940099e-06
-4.139297e-07
-4.226412e-06
-2.540905e-06
-5.198510e-06
8.687791e-07
5.085192e-08
1.192707e-06
1.898900e-06
-4.466239e-07
-2.572650e-07
1.813352e-06
8.680350e-07
-1.542528e-06
-3.578905e-06
-2.531818e-07
1.661838e-06
-2.000931e-07
4.349469e-06
3.259594e-06
2.145967e-07
2.501081e-06
4.998966e-07
9.929415e-07
1.214000e-06
1.626908e-07
-4.586311e-07
-2.617479e-07
-6.971058e-08
5.053433e-07
2.371458e-08
1.836027e-07
-4.340502e-07
8.058564e-07
-9.150110e-08
9.137475e-07
3.318817e-07
3.588225e-07
1.016016e-06
3.734634e-07
1.804708e-07
8.749104e-07
1.168711e-06
6.060326e-07
1.690020e-06
8.961710e-07
4.186546e-07
6.662882e-07
7.984361e-08
1.865132e-07
-2.409504e-07
-6.713938e-07
-2.945697e-07
5.188593e-07
-1.157591e-06
-4.646697e-07
-2.305534e-07
-1.071837e-06
-1.774827e-06
2.531906e-05
1.265834e-07
-1.062090e-06
7.206824e-07
-2.386522e-07
-9.523065e-07
2.581910e-06
-4.292001e-06
-2.633237e-06
1.006149e-06
-1.978479e-06
-5.991446e-07
-4.760112e-06
-1.369543e-06
-8.324031e-07
-3.308306e-06
-1.051686e-05
4.742736e-07
1.053768e-06
1.405260e-08
4.727134e-06
2.081675e-06
2.838075e-06
-1.796549e-06
-1.761717e-06
3.633518e-06
-4.311594e-07
-9.367444e-07
4.679226e-07
3.173392e-06
8.716267e-07
1.762398e-06
8.828441e-07
1.140767e-07
6.714686e-07
-2.678963e-06
4.586666e-07
9.284211e-07
1.756487e-06
-1.486895e-06
-1.054665e-06
2.889198e-07
2.199329e-07
1.351864e-06
5.498735e-07
1.020840e-06
-1.240268e-07
-3.159748e-07
9.780391e-07
9.945725e-07
8.931656e-07
1.325893e-06
5.494233e-07
5.836786e-07
9.018193e-07
5.559496e-07
1.360952e-07
1.350070e-06
1.081122e-06
1.060913e-06
-1.602419e-07
8.057851e-07
6.679246e-07
-1.762550e-09
3.874492e-07
3.582811e-07
-6.988984e-07
5.175794e-07
1.514845e-08
-2.542535e-07
-1.144027e-06
-6.023922e-08
1.265834e-07
3.360324e-05
-2.248676e-06
-2.219239e-06
4.876047e-08
-4.188315e-07
-8.022189e-07
-7.299664e-08
-1.346445e-06
-2.057217e-06
-1.114069e-05
-2.397888e-06
-3.957841e-06
-1.779216e-06
-4.964223e-06
4.631508e-06
-7.979932e-06
2.956838e-06
7.151920e-07
-3.599846e-07
2.034331e-07
2.871556e-06
2.989276e-06
7.434930e-06
-5.949640e-07
1.387668e-06
-2.163344e-06
4.537955e-06
1.291977e-06
-2.224443e-06
7.613194e-07
-8.258188e-07
5.112279e-07
1.469226e-06
-3.044611e-08
8.023192e-07
-5.552755e-07
1.223532e-06
-6.041332e-08
2.974973e-06
4.185985e-07
-8.227090e-07
8.981492e-07
-6.964512e-07
-1.920374e-06
6.576318e-07
2.717251e-06
-4.068881e-07
4.367661e-07
5.875049e-08
4.650549e-07
3.891640e-07
1.360179e-06
1.074845e-07
-6.913483e-07
-3.324685e-07
7.106461e-07
8.699943e-07
6.761119e-07
1.527236e-07
1.002016e-06
2.162546e-07
-3.793491e-07
5.057947e-07
7.769732e-07
5.500071e-07
7.344722e-07
2.307284e-07
-6.174686e-07
-4.487974e-07
-3.623028e-09
-1.750213e-06
-1.062090e-06
-2.248676e-06
5.491081e-05
-4.054325e-06
-4.422821e-06
-2.266972e-07
-3.571621e-06
4.896471e-08
-3.041592e-06
2.188626e-06
1.790247e-06
5.873169e-07
-9.696056e-06
-5.317699e-06
-7.573563e-07
5.732507e-07
-6.913834e-06
3.701977e-06
5.159767e-07
1.319098e-06
2.869341e-06
-8.658262e-08
5.653735e-07
-3.433747e-06
-2.221445e-06
-3.547361e-06
-2.123830e-06
3.166000e-06
-5.776841e-07
-7.961780e-07
-3.153214e-06
3.452990e-06
4.419650e-07
-3.032327e-07
1.351378e-06
1.314188e-06
-2.907477e-06
1.199889e-06
1.089124e-06
4.635510e-07
-1.601941e-07
3.050298e-06
3.340276e-08
-2.945407e-07
4.437593e-07
-2.335360e-07
1.380978e-06
2.226808e-06
1.250825e-06
8.375353e-07
3.153347e-07
-2.521313e-07
-1.130143e-06
6.501404e-07
1.317383e-06
-1.369794e-06
8.650072e-07
6.057545e-09
1.294326e-06
1.853715e-06
1.168498e-06
2.275851e-06
2.468657e-07
-9.774398e-07
-1.060176e-06
8.681474e-07
8.019558e-08
-5.848992e-07
-6.314742e-07
-1.239115e-06
-7.245336e-07
5.415006e-08
7.206824e-07
-2.219239e-06
-4.054325e-06
6.663755e-05
-4.275253e-06
-2.057493e-06
-1.997244e-06
-3.194459e-06
3.647853e-06
-4.038288e-06
-5.474830e-06
8.986050e-06
2.591145e-06
1.337604e-06
-1.228534e-05
-1.779039e-05
4.065760e-06
-7.161744e-06
5.210332e-07
-9.350898e-09
-2.131256e-06
-1.076940e-05
-8.563319e-07
-5.216432e-06
-1.038213e-06
2.389470e-06
1.495801e-06
-1.550876e-06
-2.353886e-06
-4.300350e-07
-4.284980e-07
1.558427e-06
-8.502069e-07
1.785944e-06
2.424091e-06
3.753065e-06
2.147959e-06
1.537893e-07
2.047309e-06
1.053656e-06
-5.721482e-07
8.106809e-07
-1.014551e-06
-8.183351e-07
-3.599721e-07
7.027456e-07
-5.038374e-07
-1.066963e-06
3.050711e-07
-1.109615e-06
7.161210e-07
1.254534e-06
8.807316e-07
-6.412627e-07
1.093780e-06
3.758999e-07
-3.983453e-07
1.124656e-06
2.440525e-07
4.027305e-07
-7.420638e-07
3.458634e-07
1.169861e-06
2.241726e-06
-9.152663e-07
-3.398600e-07
3.857616e-07
9.483972e-07
-8.351214e-07
-3.951139e-07
-1.287891e-06
-1.389773e-06
-2.386522e-07
4.876047e-08
-4.422821e-06
-4.275253e-06
7.413170e-05
-5.897658e-06
1.542202e-06
-2.927723e-06
-8.638069e-06
-7.447593e-07
2.888507e-06
-4.801424e-07
3.612755e-06
-6.739392e-06
1.302716e-07
-3.098638e-06
-1.925540e-06
-3.930214e-06
2.458245e-07
7.093789e-07
3.344444e-06
-8.898450e-07
-3.386279e-06
5.650605e-06
1.658904e-06
-1.075277e-07
-1.024365e-06
2.274852e-06
-1.915334e-06
-3.084388e-06
1.916031e-06
2.385609e-06
7.502464e-07
1.476704e-06
1.659108e-06
-3.761068e-06
-3.497851e-06
1.474470e-06
-5.421182e-07
-1.670920e-06
2.846170e-06
-1.403131e-07
2.988226e-06
1.596348e-06
1.773274e-06
4.074968e-07
2.703595e-07
2.407366e-07
1.517980e-07
-2.215429e-07
7.333840e-07
4.748239e-07
-1.826980e-06
2.211068e-06
6.722844e-07
8.100444e-08
1.061768e-06
2.669260e-06
2.811269e-07
3.641385e-07
2.323955e-06
1.844316e-06
2.502907e-07
8.565083e-07
8.788417e-08
-1.513991e-07
-8.478335e-07
7.066175e-07
-7.374439e-07
-9.171326e-07
4.974456e-08
5.316404e-07
-9.523065e-07
-4.188315e-07
-2.266972e-07
-2.057493e-06
-5.897658e-06
9.356665e-05
-2.027289e-08
7.573767e-06
-1.133272e-06
-3.184317e-06
4.490080e-06
-1.195615e-05
-1.491018e-05
-2.645123e-06
2.433821e-06
-1.299765e-05
7.791756e-06
-2.035135e-05
5.417378e-07
3.144369e-07
4.426868e-06
-2.694533e-06
-7.496181e-08
-3.205134e-06
5.468953e-06
-6.241622e-06
1.136084e-06
3.661323e-06
1.685705e-06
2.327044e-06
6.025332e-07
-1.172842e-06
-1.876193e-06
8.890823e-07
4.411071e-07
-1.383868e-06
-9.778899e-08
-1.250874e-06
3.764271e-06
8.239214e-07
-7.925976e-07
-2.217186e-06
-1.102000e-06
1.642989e-06
-4.376316e-08
-5.765332e-07
-1.016666e-06
2.488085e-07
4.209236e-06
-4.727685e-07
-2.300113e-06
1.461508e-06
-9.435580e-07
-7.842572e-07
-3.102879e-07
2.160757e-06
7.950743e-07
1.848770e-06
3.866335e-07
1.402254e-06
1.403493e-06
-1.265186e-07
1.903166e-06
8.882539e-07
-3.281176e-07
-4.754876e-07
9.309975e-07
-8.931287e-07
2.881492e-07
-1.243981e-07
-2.199290e-06
-1.743972e-07
2.581910e-06
-8.022189e-07
-3.571621e-06
-1.997244e-06
1.542202e-06
-2.027289e-08
1.181077e-04
-5.919195e-06
4.750631e-06
-6.517851e-06
-5.006273e-06
-6.793795e-06
-1.338905e-05
6.516667e-07
-1.714155e-05
-7.630272e-06
9.290509e-06
-3.467375e-06
-1.264879e-06
-1.400181e-06
1.092290e-05
4.615344e-06
1.454863e-06
7.426855e-06
-3.628294e-06
7.236356e-06
3.556770e-06
-5.844400e-07
4.314435e-06
-3.549539e-06
8.615564e-07
-3.420889e-06
1.424784e-07
3.519123e-06
1.251856e-06
-1.031559e-06
2.582888e-06
-1.030263e-06
1.407204e-07
-2.273323e-06
1.580403e-06
-4.348452e-07
1.306945e-06
7.955583e-07
9.440684e-07
-1.792859e-06
4.220125e-06
-4.150657e-06
-3.384506e-07
3.134370e-06
3.760916e-06
-1.196271e-06
-3.590020e-06
-4.316866e-07
8.939689e-07
-1.497078e-06
7.629325e-07
-3.877726e-08
6.453772e-07
7.197173e-07
1.583049e-06
1.174807e-06
6.996521e-07
3.843615e-07
2.815013e-07
2.023400e-06
1.451314e-06
6.090651e-07
-2.722178e-06
-1.600741e-06
-1.194695e-06
9.507065e-07
-4.292001e-06
-7.299664e-08
4.896471e-08
-3.194459e-06
-2.927723e-06
7.573767e-06
-5.919195e-06
1.592684e-04
-9.034439e-06
-6.393863e-06
-6.880289e-06
-9.018109e-06
9.430294e-07
-9.401272e-06
-8.989878e-06
-4.882848e-06
5.110272e-06
7.442343e-07
-2.357419e-08
-3.951939e-07
7.917399e-06
-2.411071e-06
7.346358e-06
-9.878524e-08
-2.375933e-06
2.244808e-07
-1.345800e-06
6.590467e-06
3.387701e-06
-2.554242e-06
-4.435310e-06
2.926756e-06
6.425485e-07
3.846884e-07
1.266068e-06
4.163545e-06
3.173348e-06
1.747406e-06
-8.107416e-07
1.064644e-06
4.092567e-06
-7.281507e-07
-2.880772e-08
7.265581e-07
1.791493e-06
-6.458048e-07
5.004265e-07
1.935025e-07
1.323106e-06
-6.308631e-07
1.079662e-06
6.472693e-07
1.304910e-06
1.325179e-06
1.271064e-06
2.913378e-06
1.385659e-07
2.042113e-06
2.548805e-06
2.692283e-07
2.053588e-06
-1.048507e-08
5.797991e-07
7.861401e-07
4.923196e-07
1.265457e-06
-1.222544e-06
2.341777e-06
2.665224e-06
6.684028e-07
3.479153e-07
-4.189394e-07
-2.633237e-06
-1.346445e-06
-3.041592e-06
3.647853e-06
-8.638069e-06
-1.133272e-06
4.750631e-06
-9.034439e-06
1.505747e-04
-3.605166e-06
1.002608e-06
5.754629e-06
-1.111909e-05
-3.853275e-06
-6.215305e-06
3.345169e-06
-9.810959e-06
-1.012566e-05
-7.498635e-09
-2.140400e-07
4.807888e-06
5.121598e-06
1.098254e-05
-1.880993e-06
1.190407e-07
-1.811409e-06
-6.782232e-07
3.724476e-06
-5.978825e-06
-1.213812e-06
-1.109917e-06
-4.465255e-06
-2.028521e-06
5.143881e-06
-4.592913e-06
-1.555359e-06
-1.114003e-08
2.858890e-06
-3.097660e-06
-5.391367e-07
3.433674e-06
-2.399665e-06
2.907983e-06
-1.727727e-07
-1.371556e-06
4.021427e-07
3.114469e-06
-2.344187e-07
-9.595557e-07
-7.062799e-07
6.334009e-07
4.063626e-10
9.057083e-07
1.644627e-06
-5.959433e-07
6.115466e-07
6.520854e-07
-1.694412e-06
2.479411e-06
-3.347288e-07
1.515850e-06
1.082165e-06
2.479544e-06
-4.293037e-07
-3.282628e-07
6.397185e-08
1.631723e-06
7.268477e-07
-1.766235e-06
7.320461e-07
-3.177988e-06
-2.238593e-06
1.006149e-06
-2.057217e-06
2.188626e-06
-4.038288e-06
-7.447593e-07
-3.184317e-06
-6.517851e-06
-6.393863e-06
-3.605166e-06
2.035400e-04
-1.757997e-05
-9.553300e-06
-2.040997e-05
6.162453e-06
-8.813092e-06
-8.456166e-06
-4.618221e-05
-5.120756e-06
-7.725452e-07
3.587001e-07
-8.817580e-06
-4.337748e-06
-1.942753e-06
1.206539e-05
2.659855e-06
4.546227e-06
-1.725481e-06
1.484135e-06
-1.290577e-06
3.232830e-06
3.642062e-06
-3.530264e-06
3.837502e-06
-1.421565e-06
2.636825e-06
6.053074e-06
-5.218787e-06
-2.796793e-06
2.109222e-06
-7.140974e-07
5.924748e-07
-4.005863e-06
-1.655739e-06
1.105066e-06
4.370417e-07
-1.098957e-06
2.420355e-06
4.340697e-06
9.230766e-07
-1.027045e-06
1.497249e-06
2.341399e-06
-1.683433e-06
1.000747e-06
-6.766966e-07
2.563618e-06
4.058715e-06
1.295735e-06
4.518108e-07
2.038806e-06
1.604906e-06
-2.089908e-06
-1.636525e-06
7.832371e-07
2.564814e-06
1.279370e-06
1.427052e-06
1.146457e-06
6.540326e-07
-2.306266e-06
1.954234e-07
-1.274138e-06
-1.978479e-06
-1.114069e-05
1.790247e-06
-5.474830e-06
2.888507e-06
4.490080e-06
-5.006273e-06
-6.880289e-06
1.002608e-06
-1.757997e-05
2.487306e-04
-9.621004e-06
3.791606e-06
-1.698450e-05
1.801627e-06
-1.026329e-06
1.474622e-08
6.781174e-06
-2.564333e-06
5.997788e-07
-4.328707e-06
-7.692900e-06
-3.339149e-06
6.766860e-06
-2.029250e-06
-4.418459e-06
-5.461149e-07
6.613783e-06
-2.415749e-06
-5.667242e-06
2.257972e-06
-8.371531e-07
6.567341e-08
-4.009800e-06
1.698909e-06
-1.410767e-06
-8.595099e-07
-1.650534e-06
-2.628689e-06
8.935280e-07
2.399685e-06
2.322754e-06
1.054961e-06
-7.491965e-07
2.732296e-06
2.388306e-06
-1.771331e-06
-4.888928e-07
-5.762361e-07
1.466025e-07
1.776476e-06
-8.225134e-07
5.514610e-07
1.360206e-06
2.434413e-06
-6.741085e-07
1.025539e-06
2.810377e-06
2.216178e-07
-1.024448e-06
7.421341e-07
-9.637782e-07
-1.029411e-06
2.318312e-06
1.406597e-06
5.895497e-07
1.541248e-06
2.081784e-06
2.079305e-06
-8.048090e-07
-2.317713e-06
-2.291209e-06
-5.991446e-07
-2.397888e-06
5.873169e-07
8.986050e-06
-4.801424e-07
-1.195615e-05
-6.793795e-06
-9.018109e-06
5.754629e-06
-9.553300e-06
-9.621004e-06
2.653944e-04
-9.874208e-06
-8.603062e-08
-7.478626e-06
-7.175722e-06
-2.462627e-05
3.574793e-06
-2.046220e-06
1.619643e-06
-6.656271e-06
3.373764e-06
2.995566e-06
2.323991e-06
8.303052e-06
-7.103791e-07
9.627037e-07
-1.635213e-05
-2.626118e-06
-3.656428e-07
5.537926e-07
-1.582115e-06
2.953141e-07
4.917377e-06
3.829265e-07
1.550767e-07
-3.269560e-06
1.365705e-06
-2.203793e-06
9.605331e-07
-3.382762e-07
8.438253e-07
-1.572784e-06
5.390079e-07
5.760318e-07
-2.268542e-06
-3.764361e-07
7.116826e-07
1.862237e-06
1.349447e-06
-2.044611e-06
2.570987e-06
2.880333e-07
-4.236798e-07
3.708225e-06
6.846505e-07
-1.036526e-06
-3.393278e-07
-2.227918e-06
1.144295e-06
-3.518360e-07
3.989689e-07
1.106419e-06
4.674246e-09
-3.115144e-07
2.713632e-06
7.480653e-07
8.849907e-08
4.355192e-07
3.490261e-07
-2.132247e-07
2.989016e-07
-4.760112e-06
-3.957841e-06
-9.696056e-06
2.591145e-06
3.612755e-06
-1.491018e-05
-1.338905e-05
9.430294e-07
-1.111909e-05
-2.040997e-05
3.791606e-06
-9.874208e-06
2.761152e-04
-1.713256e-05
-2.502207e-05
-5.369860e-06
1.207342e-06
-1.487796e-06
-2.027613e-06
2.450375e-06
1.312828e-06
-2.937972e-07
8.546727e-07
1.284252e-05
-3.962052e-06
2.609882e-06
6.585734e-06
3.266075e-06
4.088098e-06
-4.964643e-06
-4.884088e-06
1.397782e-06
3.318694e-06
-5.764986e-06
2.029207e-08
-3.747561e-07
3.794288e-06
4.239591e-06
-4.059410e-06
-3.500477e-06
3.304638e-07
1.621637e-06
-8.356754e-07
4.468937e-06
-3.483924e-06
4.859030e-06
5.163755e-06
1.867310e-06
-1.386450e-06
-4.606065e-07
1.426306e-06
1.185876e-06
5.331590e-06
-4.649877e-06
3.056696e-06
2.249706e-06
-1.214103e-06
2.193557e-07
7.029932e-07
1.937650e-06
3.112736e-06
-2.088974e-07
1.305118e-06
4.773318e-07
1.706594e-06
-1.385633e-06
1.783621e-06
-1.231610e-06
-2.086123e-07
-3.089434e-07
3.474163e-07
4.940099e-06
-1.369543e-06
-1.779216e-06
-5.317699e-06
1.337604e-06
-6.739392e-06
-2.645123e-06
6.516667e-07
-9.401272e-06
-3.853275e-06
6.162453e-06
-1.698450e-05
-8.603062e-08
-1.713256e-05
3.792743e-04
-3.776360e-05
-1.657260e-05
-1.462714e-05
-1.359157e-05
-2.431263e-06
-2.656700e-06
-2.090117e-06
-3.760215e-06
-9.520885e-06
3.711565e-06
5.764854e-06
8.004928e-07
2.029217e-06
-2.355965e-08
-3.973907e-06
3.253082e-06
9.731931e-06
2.620670e-06
-3.508186e-06
-1.106834e-06
3.290865e-06
8.858009e-06
4.814832e-06
3.331865e-06
-4.478993e-06
1.027617e-06
-1.870304e-06
-6.891669e-06
2.130885e-06
-6.645224e-06
5.842130e-06
-5.573712e-06
-2.746052e-06
8.245509e-07
-2.212926e-06
4.513132e-06
-5.827677e-07
-7.093851e-06
-7.865473e-07
1.520705e-06
-1.248455e-06
3.229010e-06
-5.099614e-06
1.815297e-06
9.076612e-07
7.185506e-08
-2.265343e-06
1.968733e-06
2.728630e-06
-3.656495e-08
-7.963257e-07
-4.491835e-07
-3.890770e-07
-1.695685e-06
-2.574398e-06
-5.159295e-07
2.400778e-06
-4.139297e-07
-8.324031e-07
-4.964223e-06
-7.573563e-07
-1.228534e-05
1.302716e-07
2.433821e-06
-1.714155e-05
-8.989878e-06
-6.215305e-06
-8.813092e-06
1.801627e-06
-7.478626e-06
-2.502207e-05
-3.776360e-05
4.687684e-04
-1.347508e-05
-1.781615e-05
-2.193754e-05
-2.736888e-06
-4.247304e-07
-7.376840e-06
-9.299933e-06
3.195161e-06
-2.361431e-05
4.696186e-06
2.543693e-06
4.951063e-06
-1.025123e-05
-2.523870e-06
7.154384e-06
6.436395e-06
-7.485760e-07
1.124203e-06
-6.191784e-06
-5.259399e-06
-1.015249e-05
2.685029e-06
1.046085e-06
-2.838257e-06
-9.458664e-07
1.948883e-06
2.327122e-06
-8.830274e-06
3.928999e-06
5.002285e-06
3.742231e-06
-2.756935e-06
-3.967107e-06
1.266584e-06
-4.194276e-06
-1.154782e-06
2.854105e-06
3.285988e-06
-1.073653e-06
-6.824690e-07
3.996545e-07
-4.351241e-06
1.290432e-06
-1.715911e-06
-2.346056e-06
3.261034e-07
1.746386e-06
1.843395e-06
1.761101e-06
3.034741e-06
-6.999882e-07
2.965307e-06
-7.949813e-08
1.875824e-06
1.005996e-06
-5.392416e-06
-4.226412e-06
-3.308306e-06
4.631508e-06
5.732507e-07
-1.779039e-05
-3.098638e-06
-1.299765e-05
-7.630272e-06
-4.882848e-06
3.345169e-06
-8.456166e-06
-1.026329e-06
-7.175722e-06
-5.369860e-06
-1.657260e-05
-1.347508e-05
5.329916e-04
2.062598e-05
-1.942430e-05
-6.198024e-06
-7.967364e-07
-4.648729e-06
-3.170420e-06
-9.829031e-06
1.750570e-06
1.214982e-05
-4.274437e-06
1.225957e-05
5.744964e-06
1.772393e-05
9.017910e-06
3.722479e-06
-5.269542e-06
-5.041440e-06
-1.221003e-05
-5.419297e-06
-1.447319e-06
-3.895001e-06
2.861655e-07
4.018894e-06
2.238485e-06
-4.829706e-07
2.229059e-06
1.869235e-06
5.493779e-06
-4.214276e-06
-1.479002e-06
-2.297506e-06
6.910174e-06
1.992923e-06
-4.120324e-06
-3.077790e-06
-3.861942e-06
-1.016475e-06
-8.184374e-07
7.298805e-07
-2.797122e-06
7.386581e-07
5.943781e-07
-1.671391e-06
-1.170864e-06
4.483580e-06
1.260079e-06
4.105358e-06
6.291486e-06
-2.515109e-06
4.786272e-06
5.331405e-06
-1.897975e-06
-1.601810e-06
-2.897921e-06
9.078345e-07
-2.540905e-06
-1.051686e-05
-7.979932e-06
-6.913834e-06
4.065760e-06
-1.925540e-06
7.791756e-06
9.290509e-06
5.110272e-06
-9.810959e-06
-4.618221e-05
1.474622e-08
-2.462627e-05
1.207342e-06
-1.462714e-05
-1.781615e-05
2.062598e-05
7.098002e-04
-1.279823e-05
-2.960833e-06
-1.911342e-06
-1.182732e-05
7.244373e-06
9.405117e-06
-1.113847e-05
1.991869e-06
4.054094e-06
-7.214195e-06
1.034558e-05
-2.233316e-06
5.797845e-06
2.001550e-06
1.012846e-05
9.195959e-06
4.585298e-06
-6.499654e-06
2.858553e-06
1.119849e-05
-5.582079e-06
-5.701473e-06
1.181279e-06
-6.153616e-06
-1.385135e-06
-6.905849e-06
-2.569240e-06
3.509873e-06
1.535734e-07
6.908036e-07
-2.572262e-06
-1.215819e-06
-6.674729e-07
3.799824e-06
-2.815948e-06
5.992839e-06
-8.618896e-07
3.495270e-06
2.440932e-06
1.272324e-06
2.768048e-06
1.532790e-06
2.779586e-06
-1.890167e-06
-6.634959e-07
3.477338e-06
3.556390e-06
-2.035313e-06
-5.657670e-07
2.117017e-06
1.946675e-06
2.923556e-06
-1.676153e-07
4.320046e-07
-5.198510e-06
4.742736e-07
2.956838e-06
3.701977e-06
-7.161744e-06
-3.930214e-06
-2.035135e-05
-3.467375e-06
7.442343e-07
-1.012566e-05
-5.120756e-06
6.781174e-06
3.574793e-06
-1.487796e-06
-1.359157e-05
-2.193754e-05
-1.942430e-05
-1.279823e-05
5.497591e-04
-2.973856e-06
-3.704193e-07
2.354622e-06
1.149777e-06
3.018001e-07
6.472809e-07
-1.751141e-06
1.826527e-06
1.645954e-06
-1.639590e-07
5.023058e-07
4.946841e-07
3.729625e-08
3.976821e-07
2.433087e-07
-2.253289e-07
1.612827e-06
9.764957e-07
-3.347000e-07
1.415037e-06
1.058739e-07
-5.025133e-07
1.701661e-07
1.917059e-07
3.502237e-07
1.207232e-08
-3.551312e-07
-6.034700e-07
9.439501e-07
-4.265566e-08
6.987748e-08
4.246337e-07
1.000078e-07
-3.608780e-07
5.076139e-07
1.055206e-07
5.323111e-07
-2.043045e-07
5.767456e-07
7.005071e-07
7.584581e-07
5.724763e-07
1.556688e-07
4.733425e-07
-6.417356e-08
4.142300e-07
2.822846e-07
5.177926e-07
5.124482e-07
2.682388e-07
4.356484e-07
1.401713e-07
2.812760e-07
8.687791e-07
1.053768e-06
7.151920e-07
5.159767e-07
5.210332e-07
2.458245e-07
5.417378e-07
-1.264879e-06
-2.357419e-08
-7.498635e-09
-7.725452e-07
-2.564333e-06
-2.046220e-06
-2.027613e-06
-2.431263e-06
-2.736888e-06
-6.198024e-06
-2.960833e-06
-2.973856e-06
7.525957e-06
