0
98.9596
99.5741
100.916
100.623
104.413
105.778
109.064
111.283
114.883
118.663
122.935
129.159
133.791
139.054
145.602
151.809
159.132
167.964
176.686
185.553
193.461
201.164
211.712
220.712
231.892
240.641
250.687
261.249
269.05
277.903
285.827
292.998
298.685
304.636
306.811
311.495
311.36
311.019
309.186
305.979
300.068
294.528
286.554
278.487
268.03
257.264
246.408
235.034
223.085
209.786
198.116
185.227
172.997
161.71
148.439
139.707
128.148
118.305
108.236
99.4786
91.7115
84.5991
77.2658
71.631
66
59.6574
54.2679
50.5173
48.5592
43.3128
119.16
