249.167
62.6339
64.9153
66.4154
69.4334
72.6842
74.3909
78.3773
81.6211
86.2438
89.9277
93.3649
97.7036
103.262
108.301
114.079
121.943
128.297
136.499
145.286
153.088
164.012
172.09
179.805
189.542
196.255
203.625
209.921
216.615
220.735
227.192
231.432
236.823
241.667
247.095
250.006
254.551
260.35
265.588
271.175
277.195
283.397
290.059
297.407
305.342
315.649
329.409
345.093
365.798
394.578
421.572
380.976
261.903
182.458
139.993
115.282
96.9381
84.2081
74.8465
66.7907
61.2699
56.0625
52.5262
48.6313
45.0333
43.1972
40
38.2099
36.6606
33.6006
31.7175
136.741
