307259.237473 
14305.432645 
13500.548065 
12988.257248 
7687.067065 
16235.969418 
15885.610178 
15569.084576 
18623.721213 
12114.362109 
12064.773937 
13313.114641 
11227.897504 
11909.548322 
9698.449172 
10764.052458 
6176.534191 
5318.451482 
5082.140337 
2902.612370 
2669.422706 
-1500.832423 
-1409.832584 
-11302.190126 
-5942.866171 
-8510.211077 
-12230.513997 
-22213.538342 
-15237.133503 
-12449.274113 
-13040.547515 
-32454.591103 
-32223.307765 
-17846.745344 
-22401.506535 
-24692.733683 
-30777.386764 
-30441.675343 
-28190.579716 
-23921.910307 
-29831.848191 
-38212.696653 
-13281.955536 
-16206.503521 
-9220.093630 
-19514.656509 
-19244.291727 
-5761.719031 
-11545.095409 
8781.139632 
-1193.335681 
4171.306276 
5416.757694 
5161.608991 
3871.020950 
2639.398432 
-423.856735 
4416.004536 
1837.335210 
773.411308 
2543.634940 
2960.827883 
2170.927133 
2164.896741 
2044.152175 
110.465741 
-425.787505 
1003.642411 
1188.650865 
473.924110 
1234.140897 
17642.892116 
14305.432645 
7883.826166 
199.273643 
771.922746 
462.867757 
1014.430002 
862.796467 
680.687517 
1223.238270 
529.942627 
754.051005 
815.838212 
829.842799 
1122.605613 
447.913279 
-60.816836 
740.326369 
527.420286 
-206.657685 
626.195475 
894.837967 
1154.613698 
1493.968609 
-816.147199 
74.944193 
-495.580341 
1108.729044 
-464.122784 
-409.176807 
-1526.451392 
-1561.499324 
-1986.833543 
-1841.531817 
321.472663 
-1687.308128 
-1979.183295 
-2768.234931 
-1912.117598 
-1919.919819 
-2446.793001 
-2731.120787 
-3011.623050 
-1586.144043 
-3169.130906 
-1680.892680 
-867.905539 
-872.608733 
375.908980 
-1200.935576 
197.293238 
-271.771522 
381.723334 
-1371.421974 
110.130701 
-445.482708 
-57.578153 
-249.637033 
297.272350 
75.515646 
-71.633974 
-270.023321 
-181.886224 
-12.912074 
297.272954 
172.246797 
195.329621 
-35.518937 
125.925332 
98.747537 
46.488816 
197.281103 
-196.617372 
13500.548065 
199.273643 
9327.493786 
658.413433 
732.805745 
259.737789 
492.056011 
730.935739 
477.527831 
815.989353 
646.800545 
665.120457 
1359.684324 
233.966390 
497.439206 
570.677200 
332.709162 
452.183962 
-448.981227 
-867.575682 
-494.527538 
-717.674995 
221.153544 
-2250.512096 
-240.877679 
-1161.263409 
-2096.820958 
-2023.038954 
-1440.720808 
626.507328 
-2544.414283 
-2028.890333 
-3071.577869 
243.332161 
-1616.979039 
-1923.100654 
-1315.956095 
-1731.286196 
-824.182590 
-385.943165 
-2258.415672 
-1500.892751 
978.011694 
-2238.458418 
-892.456292 
1131.382485 
-1207.732382 
-1553.521518 
1437.691762 
-229.944042 
-3564.969969 
1117.031998 
-657.970147 
-302.260107 
-187.018674 
-246.076916 
114.805612 
1459.818355 
307.163549 
283.016367 
-40.619717 
275.974880 
14.130047 
194.635449 
335.045721 
-101.079796 
13.960579 
87.467506 
178.940700 
40.572505 
-79.091152 
-129.236718 
12988.257248 
771.922746 
658.413433 
9132.311721 
484.351944 
463.624267 
977.449220 
978.982621 
1024.073419 
1046.948933 
384.594481 
732.103252 
643.901801 
135.139969 
1436.121449 
26.591477 
985.504919 
936.688186 
1143.831967 
545.083658 
837.738176 
1134.890000 
1790.447994 
621.505987 
266.331184 
409.655633 
-1075.968673 
-650.748026 
534.827016 
-370.322174 
179.430227 
-880.108198 
274.314462 
-291.312956 
-852.682572 
-307.033280 
-2405.649149 
-750.167217 
-1851.455756 
-1021.936186 
-1334.782303 
-2179.559966 
-2339.401056 
-2270.250047 
-1100.161972 
5.622870 
-2315.746671 
-3043.456584 
-3043.580164 
-2826.971044 
-1323.572449 
-549.994144 
-468.350122 
110.062433 
-687.694799 
-567.865228 
-302.247984 
162.779744 
308.691747 
93.757871 
-104.637196 
-344.513158 
-375.770446 
111.202036 
245.652386 
-119.686770 
-52.192499 
196.716834 
65.536988 
118.305908 
-14.658158 
824.636497 
7687.067065 
462.867757 
732.805745 
484.351944 
8281.954985 
342.479022 
491.863642 
752.112779 
359.965075 
465.974512 
835.890154 
349.030045 
720.006972 
755.807786 
794.753860 
715.191583 
-451.563243 
1175.261100 
859.672419 
450.436674 
1272.478602 
546.180561 
623.475795 
767.547172 
832.467025 
532.853492 
-363.345617 
-499.703219 
151.465155 
74.576747 
-680.927541 
-73.518140 
-792.095485 
-431.588358 
794.197021 
-608.230928 
-2036.870284 
-1079.167111 
-1412.179438 
-644.528403 
-715.425543 
-1766.431807 
-846.405059 
-1581.255858 
-1628.550863 
-3323.831036 
-569.166960 
-772.315445 
-329.605420 
1097.054856 
-2499.387198 
-972.755991 
-1108.933812 
-406.679290 
-22.345947 
-1049.024363 
328.644562 
611.230237 
-365.240059 
223.540046 
-360.554332 
1.409626 
65.302449 
-308.769454 
-199.965090 
-152.771754 
-268.349801 
-26.250503 
386.099009 
-46.595218 
193.927259 
54.355069 
16235.969418 
1014.430002 
259.737789 
463.624267 
342.479022 
9923.373418 
1013.347783 
1091.526300 
1134.811754 
1030.566894 
1120.538477 
1275.169483 
632.930073 
1300.895845 
-137.589618 
1058.147679 
639.860064 
315.232540 
1326.834275 
52.510892 
326.965111 
530.857840 
-13.918756 
-224.466516 
891.853628 
-209.748722 
539.714839 
-242.737748 
-719.491430 
-795.222164 
682.874644 
37.465356 
-1553.985939 
-1025.441240 
2.628138 
-2278.435518 
-1956.154820 
699.509524 
-2080.666478 
196.042145 
-2201.800222 
-3301.876026 
-2177.179950 
-1126.387557 
-345.954002 
-1061.946133 
-468.752741 
-2581.838640 
-629.903623 
-1878.342819 
-2479.231662 
-2508.820720 
-1109.454879 
-979.944420 
107.523435 
-7.269304 
87.521839 
252.435670 
-230.607762 
-358.402558 
164.430318 
230.756247 
-31.969084 
-73.033073 
63.640389 
-241.981895 
41.029814 
-72.142941 
-10.583295 
-152.481577 
53.665179 
2701.940425 
15885.610178 
862.796467 
492.056011 
977.449220 
491.863642 
1013.347783 
10700.715488 
1095.441075 
1028.885073 
1283.912975 
591.204302 
1257.867555 
1358.474169 
1258.083727 
1092.198577 
583.747590 
1076.189466 
307.693904 
1795.654222 
30.637574 
1841.706943 
1395.376927 
245.868466 
1371.494353 
2075.546055 
-95.236358 
1570.061717 
1296.682951 
1568.082060 
-178.958073 
-146.914276 
637.963011 
-2474.760675 
-601.088096 
-668.989306 
-961.549374 
-1803.114801 
-1735.709528 
-2184.212301 
-2529.936625 
-2931.623549 
-3376.506127 
-1472.892860 
-1800.462941 
-220.884063 
-3503.086772 
-3283.137057 
-2003.359720 
-3145.722288 
-3597.634898 
-2183.908813 
-1045.892334 
-1646.415268 
-862.251004 
-981.222797 
-489.358512 
147.410267 
-278.623802 
-22.962594 
620.888524 
-428.249705 
14.034763 
75.304894 
-138.355815 
236.823388 
24.779030 
-225.088654 
-0.415669 
49.260054 
-1.779715 
21.965362 
-669.463256 
15569.084576 
680.687517 
730.935739 
978.982621 
752.112779 
1091.526300 
1095.441075 
10619.068848 
1352.542706 
1613.490109 
719.834900 
1102.082612 
1029.814261 
716.479165 
1087.101755 
1267.536770 
1044.332399 
711.273841 
1516.951526 
442.397233 
341.809369 
1431.108749 
1590.659372 
570.982749 
845.102567 
296.137931 
922.938217 
-163.209274 
-234.468142 
105.309394 
-293.782445 
-46.273835 
-3588.586397 
-912.821599 
-1272.243542 
-342.241001 
-2695.622440 
-3789.193434 
-1077.381084 
-2017.764840 
-2086.675511 
-5896.638122 
-4717.634835 
-2233.360644 
-1145.899498 
-1574.376069 
-1795.243173 
-916.835219 
-975.449233 
734.796272 
-2239.262372 
-1788.705215 
-734.605109 
626.171114 
284.250613 
395.267145 
330.831627 
-3.923000 
295.944816 
55.639496 
-167.299452 
163.625733 
147.727072 
164.278957 
3.986494 
0.156348 
-250.766101 
-29.795030 
-17.220053 
-139.788243 
170.006015 
-1488.286108 
18623.721213 
1223.238270 
477.527831 
1024.073419 
359.965075 
1134.811754 
1028.885073 
1352.542706 
12425.631989 
922.087633 
722.211356 
1205.944410 
542.305679 
282.830719 
205.041690 
229.810253 
259.886765 
635.403365 
703.129268 
1480.697414 
169.445732 
97.545972 
-832.970953 
-385.034192 
77.073740 
84.385775 
-981.578197 
-1582.243759 
678.116979 
-403.208802 
-222.528389 
-1567.265616 
-2220.958787 
230.483853 
-1634.933613 
-2538.145667 
-2192.478122 
-1034.494437 
-1253.977245 
-1793.183296 
-2016.973278 
-2549.486694 
-2440.787958 
-2515.555054 
-1983.244855 
-1551.304357 
-1950.998376 
-3280.172793 
-1049.688386 
-538.057974 
-1584.569220 
-885.074601 
-326.414460 
1978.529440 
219.515995 
-681.734945 
-564.563368 
355.879070 
-71.328265 
-349.247725 
224.036277 
-238.937327 
-53.895632 
17.520236 
-96.985845 
680.207875 
-70.749719 
47.567307 
292.395650 
-74.603816 
-92.225204 
1716.172230 
12114.362109 
529.942627 
815.989353 
1046.948933 
465.974512 
1030.566894 
1283.912975 
1613.490109 
922.087633 
13139.335645 
819.390601 
1000.101740 
1678.089492 
367.474194 
1075.713924 
1831.586558 
1704.197813 
1162.388899 
1688.306239 
2124.369254 
2092.806898 
2420.394037 
1114.224818 
2249.819731 
1667.880534 
784.755514 
1787.102450 
763.214917 
914.441798 
2132.771910 
1137.369575 
-1213.588475 
-244.029303 
-434.931844 
-2757.559586 
-261.296825 
-1301.043011 
-1074.217876 
716.897892 
-2666.148493 
-3536.564177 
-6868.882683 
-2478.052057 
-909.674434 
-3426.128250 
-2297.631049 
-2634.789967 
-345.006323 
-923.663446 
-3435.345543 
-1360.587835 
-2154.477345 
-1433.948833 
-802.454093 
-500.676672 
-553.373349 
28.695005 
203.328936 
458.369861 
-130.283999 
-336.290749 
-235.397149 
397.447828 
122.966720 
211.140844 
86.025657 
-187.267573 
97.050787 
165.399043 
-280.579165 
174.887405 
108.663997 
12064.773937 
754.051005 
646.800545 
384.594481 
835.890154 
1120.538477 
591.204302 
719.834900 
722.211356 
819.390601 
12803.742005 
1187.998874 
1088.503929 
1225.578637 
1188.413351 
1545.447033 
598.877080 
1103.233880 
2334.375001 
1378.162622 
1774.562218 
1651.416952 
1653.340259 
1046.745395 
1056.337543 
754.422069 
122.492577 
387.069625 
20.110418 
299.204835 
-1509.773430 
-272.217860 
-1087.980565 
942.559659 
-87.340276 
-635.780726 
-1748.019168 
-829.820278 
-786.554985 
-3216.326948 
-2116.355828 
-2243.622640 
-3454.464501 
-2666.676512 
-1512.152395 
-3865.082419 
-3658.069789 
-2806.856359 
-2257.188318 
-3179.457848 
-6448.133116 
-2709.619586 
-201.418147 
-1505.858646 
-1215.914036 
242.493563 
-167.456380 
144.118051 
259.706997 
-166.548087 
258.723206 
324.487846 
114.678236 
-152.510811 
294.528227 
22.938452 
77.043021 
-53.824042 
-55.209230 
-161.264889 
-6.460668 
574.087781 
13313.114641 
815.838212 
665.120457 
732.103252 
349.030045 
1275.169483 
1257.867555 
1102.082612 
1205.944410 
1000.101740 
1187.998874 
16183.629038 
1825.246469 
522.087775 
1457.682248 
1316.486631 
882.677573 
2383.708354 
1725.390144 
2502.544667 
971.259198 
1384.594728 
2345.609628 
891.017016 
2520.615040 
14.787488 
1486.315745 
-949.226974 
142.807597 
1405.276511 
-131.670353 
323.332191 
860.098265 
-106.074197 
-2450.436869 
-2390.575577 
-790.942158 
-1953.212212 
-3504.213902 
-1681.058945 
-2851.949998 
-4043.439271 
-1408.827023 
-2151.334441 
-2871.847227 
-2726.447357 
-5426.160598 
-4315.854946 
-530.258707 
-5216.589766 
-4974.661032 
-4492.152888 
-1269.077111 
-628.405996 
-985.667385 
-198.648125 
325.020797 
-53.808418 
-263.913362 
-179.155156 
-48.932921 
566.680500 
102.202720 
-67.993934 
-2.506019 
14.678148 
99.370971 
-206.816536 
-133.703982 
-22.081857 
67.771306 
2150.030669 
11227.897504 
829.842799 
1359.684324 
643.901801 
720.006972 
632.930073 
1358.474169 
1029.814261 
542.305679 
1678.089492 
1088.503929 
1825.246469 
16678.496485 
1257.708302 
1603.037914 
557.165307 
933.187206 
1544.128791 
1202.912101 
856.605908 
1726.930049 
517.890763 
1045.891190 
3293.959625 
1842.475614 
1339.361686 
1644.120757 
-1446.128806 
-176.246109 
175.935571 
1576.960786 
-1555.538679 
580.917457 
-187.539642 
-1571.108905 
-1748.993371 
-678.824546 
710.203535 
-5.058778 
-3319.477684 
-2630.200078 
-1435.158933 
-2353.108747 
-3363.319966 
-2051.319786 
-1661.835878 
-5812.017934 
-1264.405667 
-1932.949185 
-6360.665551 
-5626.388218 
-2331.198925 
-2432.043978 
-3723.586536 
-1169.683116 
-291.734495 
-872.286482 
-390.169140 
-673.041013 
257.362853 
138.451971 
-164.083653 
426.365078 
243.743533 
193.335630 
48.833607 
-122.493774 
-93.257676 
62.840056 
86.741433 
-216.299102 
1656.789444 
11909.548322 
1122.605613 
233.966390 
135.139969 
755.807786 
1300.895845 
1258.083727 
716.479165 
282.830719 
367.474194 
1225.578637 
522.087775 
1257.708302 
17125.015942 
1670.455009 
973.837475 
497.444196 
670.437472 
1630.425958 
1882.590065 
1357.287744 
2304.542676 
1660.188653 
2860.326822 
3949.374745 
3117.812728 
1610.546453 
2522.133711 
2061.700427 
2610.152057 
801.937790 
-363.264353 
-614.261252 
2086.280713 
1547.095426 
-572.894433 
-3450.967180 
-3427.174273 
-924.911379 
-1313.868270 
-4709.314026 
-3109.475399 
-1559.596485 
-2294.957479 
-1725.380806 
-5925.669881 
-4190.513191 
-3886.080453 
-3843.004088 
-816.592816 
-8395.144287 
-5154.950035 
-817.192572 
-3341.142670 
-1129.024747 
-367.833277 
-662.321336 
9.235587 
-570.324969 
276.923031 
-112.150674 
-71.054609 
156.633536 
-211.449821 
43.499891 
-115.155373 
-226.786531 
135.199417 
-40.616886 
67.264219 
-121.289116 
1298.924707 
9698.449172 
447.913279 
497.439206 
1436.121449 
794.753860 
-137.589618 
1092.198577 
1087.101755 
205.041690 
1075.713924 
1188.413351 
1457.682248 
1603.037914 
1670.455009 
21278.092466 
2488.406096 
1506.276661 
921.623117 
1913.398291 
1618.138317 
2079.600400 
1616.306803 
3200.966863 
1616.135167 
4212.495250 
2020.079083 
650.235037 
1585.443724 
3807.360529 
443.021031 
1065.339728 
706.716534 
2416.787188 
1487.497681 
-3626.852596 
-384.900219 
-1695.143956 
-3623.794497 
-1159.032685 
-3118.771086 
-3389.579829 
-2882.893047 
-1338.496408 
-2003.760166 
-1003.911029 
-5044.031887 
-1173.630070 
-1439.827690 
-4341.329328 
-5524.104913 
-11618.684143 
-6814.532364 
-3654.895242 
-2018.932413 
-969.172445 
-1156.812695 
-777.793265 
-998.833047 
-522.067741 
-209.682305 
-671.700682 
-95.337084 
-490.346264 
29.098570 
331.838408 
-542.852771 
111.547528 
72.626002 
181.862975 
229.090894 
-73.029398 
2351.815177 
10764.052458 
-60.816836 
570.677200 
26.591477 
715.191583 
1058.147679 
583.747590 
1267.536770 
229.810253 
1831.586558 
1545.447033 
1316.486631 
557.165307 
973.837475 
2488.406096 
23584.476735 
1233.799938 
1733.183433 
3077.045298 
2700.384169 
1297.145635 
2593.327209 
2288.074647 
3105.874582 
4075.048527 
3666.776929 
-601.502958 
1415.850551 
1341.538502 
4111.707515 
3722.347606 
817.375803 
-0.534225 
2092.532132 
-91.927047 
581.817186 
-259.103791 
-294.901942 
-2469.599629 
-853.134380 
-4016.891652 
-4220.900369 
-7503.736448 
-3908.729845 
-5595.939066 
-5192.929970 
-6481.246182 
-3579.455346 
-3467.574448 
-5461.919200 
-6819.424973 
-5024.204139 
-3357.923690 
-3795.137088 
-1072.366425 
-338.633292 
-683.238113 
-792.226833 
-381.711903 
-165.428787 
-386.547094 
-140.292701 
504.932797 
-324.555307 
-66.237194 
-180.736619 
-91.963991 
-185.082940 
249.452982 
165.622936 
388.948180 
-1978.471300 
6176.534191 
740.326369 
332.709162 
985.504919 
-451.563243 
639.860064 
1076.189466 
1044.332399 
259.886765 
1704.197813 
598.877080 
882.677573 
933.187206 
497.444196 
1506.276661 
1233.799938 
23308.733459 
1862.220291 
2371.212456 
3484.463021 
2354.815780 
3786.788261 
265.767712 
2841.358350 
3173.966221 
4601.405410 
2139.560430 
153.663259 
3210.108391 
3882.980168 
4203.682032 
790.033245 
691.396314 
314.882806 
-1364.090896 
1818.283530 
809.731690 
-787.701044 
-1082.222359 
-1374.662447 
-5761.122837 
-5887.335658 
-4316.029936 
-387.295296 
-3201.124981 
-4616.421304 
-5535.436350 
-4061.589960 
-6345.777940 
-4974.813335 
-8856.945562 
-6087.186014 
-1226.814218 
-1966.406843 
623.394557 
-418.662568 
-819.729524 
-1425.793401 
863.749339 
24.224046 
-161.863709 
-744.079450 
147.883694 
-414.793455 
295.959849 
-14.081751 
-64.027548 
-483.565293 
400.006138 
18.521023 
8.692787 
-671.230424 
5318.451482 
527.420286 
452.183962 
936.688186 
1175.261100 
315.232540 
307.693904 
711.273841 
635.403365 
1162.388899 
1103.233880 
2383.708354 
1544.128791 
670.437472 
921.623117 
1733.183433 
1862.220291 
24785.492566 
1858.233108 
2469.207600 
2366.779478 
2968.996825 
2404.870906 
5473.820654 
3406.368972 
2067.046860 
3771.508649 
2343.254558 
3346.391211 
-440.415689 
12.258067 
-1181.579129 
-593.031981 
2839.023979 
982.415039 
-1514.929175 
-1073.089929 
-1759.158630 
-1666.959948 
-4732.082592 
-2169.605345 
-833.159514 
-3642.979421 
-2146.699517 
-6499.350480 
-2418.349968 
-3460.120902 
-4247.405932 
-2024.477981 
-8377.073164 
-4345.969043 
-3407.355944 
-1199.625334 
-1925.896335 
-392.895502 
-284.678350 
664.676320 
-642.843373 
613.846293 
287.248926 
-505.872986 
-524.193143 
62.083966 
514.520657 
225.771430 
336.410432 
-355.139949 
-246.585432 
75.882310 
75.090708 
-229.645084 
2844.976291 
5082.140337 
-206.657685 
-448.981227 
1143.831967 
859.672419 
1326.834275 
1795.654222 
1516.951526 
703.129268 
1688.306239 
2334.375001 
1725.390144 
1202.912101 
1630.425958 
1913.398291 
3077.045298 
2371.212456 
1858.233108 
36293.909584 
5093.344226 
1151.078877 
2260.276710 
4087.296022 
4190.579875 
5013.414568 
6492.968009 
5815.287664 
5855.362534 
3947.073834 
2672.418609 
2734.801300 
1641.827255 
2027.649081 
2913.476098 
1501.087866 
2168.730765 
324.429532 
76.986287 
-1884.284203 
-1864.646240 
-367.211538 
-4931.579600 
-2333.494268 
-3003.859751 
-2950.941849 
-3263.102164 
-6815.130286 
-9875.280184 
-5913.382381 
-5187.843747 
-15854.229641 
-11611.387873 
-3640.646725 
-4269.217463 
-3132.068426 
-1669.341029 
-1741.960093 
-1072.002095 
-1077.292823 
41.765351 
-238.166992 
-628.234544 
-597.076827 
-159.503974 
79.864323 
-491.144912 
-689.617301 
-377.247201 
-210.797850 
-138.954670 
313.333497 
-4727.137859 
2902.612370 
626.195475 
-867.575682 
545.083658 
450.436674 
52.510892 
30.637574 
442.397233 
1480.697414 
2124.369254 
1378.162622 
2502.544667 
856.605908 
1882.590065 
1618.138317 
2700.384169 
3484.463021 
2469.207600 
5093.344226 
41095.369295 
3412.298798 
6763.536477 
3697.488682 
4140.972016 
5198.143282 
5927.002625 
5955.802695 
4898.477217 
7012.857900 
3315.058112 
3488.595978 
1590.589803 
2092.553810 
2388.890504 
1401.790282 
3466.246105 
1986.162934 
-52.704042 
-2093.038649 
-3123.879914 
-3809.370283 
-3759.002248 
-5689.281534 
-6029.955976 
-1280.492139 
-8202.804146 
-6622.509972 
-13660.977860 
-7574.501397 
-8407.807569 
-13695.678670 
-14654.803469 
-5852.610147 
-2933.041394 
-3567.696109 
-1005.684451 
-1756.876760 
-1800.738724 
-115.364851 
-1184.147755 
-239.342997 
-110.225961 
389.339061 
-604.406638 
262.483919 
431.462155 
319.050171 
363.659668 
302.877168 
-191.789014 
616.292162 
3310.444256 
2669.422706 
894.837967 
-494.527538 
837.738176 
1272.478602 
326.965111 
1841.706943 
341.809369 
169.445732 
2092.806898 
1774.562218 
971.259198 
1726.930049 
1357.287744 
2079.600400 
1297.145635 
2354.815780 
2366.779478 
1151.078877 
3412.298798 
39060.259729 
4414.149699 
3585.974551 
6143.953954 
5641.281479 
5352.391760 
5825.906039 
5138.526185 
5607.452897 
8146.366334 
6820.915288 
4805.351240 
130.350834 
3084.504366 
3785.846404 
5256.076031 
1175.337132 
-3351.799850 
695.157705 
-2360.596589 
-1700.991419 
-6287.087638 
-4396.720659 
-5188.761923 
-5602.013317 
-10739.271874 
-10232.136917 
-6216.318241 
-10454.900094 
-9889.404426 
-13529.823341 
-17181.946553 
-5730.777627 
-3414.793558 
-816.144146 
-2915.026319 
-1579.178895 
-1428.136831 
47.282781 
-495.191467 
-91.578663 
-435.193816 
-91.412701 
77.388003 
-95.525440 
-195.933743 
179.612250 
-136.461859 
142.322122 
-115.796186 
35.100254 
5492.446038 
-1500.832423 
1154.613698 
-717.674995 
1134.890000 
546.180561 
530.857840 
1395.376927 
1431.108749 
97.545972 
2420.394037 
1651.416952 
1384.594728 
517.890763 
2304.542676 
1616.306803 
2593.327209 
3786.788261 
2968.996825 
2260.276710 
6763.536477 
4414.149699 
45628.199057 
3128.564734 
6171.021276 
5365.361223 
4813.312465 
9681.523278 
7623.629837 
4692.580862 
4037.974292 
5614.880601 
3763.805736 
2042.579919 
1747.462944 
2674.827899 
2930.215016 
-65.088570 
-964.121164 
1938.703498 
-1858.573140 
-7717.012642 
-4392.563274 
-2182.274102 
-4550.082560 
-7942.200652 
-5523.685513 
-10242.809120 
-5848.871074 
-10673.366849 
-15699.199306 
-18251.830234 
-13548.787009 
-6448.480221 
-3730.388687 
-963.058815 
-1622.380823 
-1055.622234 
-938.062969 
-1654.958812 
61.410941 
-1246.891027 
-1199.941127 
-999.114524 
-376.448583 
-453.062425 
-6.165612 
-215.885274 
91.223660 
-148.529646 
-85.907433 
624.705122 
1716.986065 
-1409.832584 
1493.968609 
221.153544 
1790.447994 
623.475795 
-13.918756 
245.868466 
1590.659372 
-832.970953 
1114.224818 
1653.340259 
2345.609628 
1045.891190 
1660.188653 
3200.966863 
2288.074647 
265.767712 
2404.870906 
4087.296022 
3697.488682 
3585.974551 
3128.564734 
46577.539106 
4807.429178 
4448.009282 
3417.832583 
5578.089129 
4605.780640 
3908.867191 
3357.977906 
6373.758562 
6432.778658 
3598.590499 
7958.059596 
-1524.670782 
2830.255195 
-1753.836944 
-2168.567157 
2310.801917 
-3857.954228 
-1867.775097 
-4220.771374 
-4694.952469 
-5549.997151 
-6498.820584 
-3385.787198 
-5215.060054 
-7293.690987 
-10139.820128 
-8532.050601 
-5938.889577 
-14516.876961 
-3573.214013 
-3118.752107 
-2339.761787 
-517.423429 
-2443.782403 
-1131.703436 
-287.392879 
842.831978 
-322.796186 
172.130805 
336.962089 
704.376384 
-223.009057 
-140.117324 
-346.189898 
651.961880 
-296.885749 
11.086308 
227.373541 
458.054604 
-11302.190126 
-816.147199 
-2250.512096 
621.505987 
767.547172 
-224.466516 
1371.494353 
570.982749 
-385.034192 
2249.819731 
1046.745395 
891.017016 
3293.959625 
2860.326822 
1616.135167 
3105.874582 
2841.358350 
5473.820654 
4190.579875 
4140.972016 
6143.953954 
6171.021276 
4807.429178 
56105.957326 
7795.115813 
9896.498069 
9836.020914 
8744.350472 
10200.012550 
4723.031372 
6370.315304 
8317.827042 
6863.388728 
8482.122893 
3489.562214 
4953.715428 
3932.947968 
764.439054 
4430.213983 
-2068.625175 
-4078.221062 
-5099.600835 
-5323.449533 
-7279.670509 
-6891.274621 
-8533.853858 
-9958.029049 
-8293.130352 
-15923.663527 
-16881.471750 
-28146.288949 
-21267.367849 
-5314.063935 
-7149.088272 
-3552.285119 
-2430.823346 
-1499.668335 
-1212.705800 
-2179.746521 
314.011005 
-1117.756675 
-507.608892 
-927.302768 
-292.133755 
-561.795564 
54.627336 
-325.096556 
-348.020440 
667.727300 
-288.885186 
585.598861 
1857.387521 
-5942.866171 
74.944193 
-240.877679 
266.331184 
832.467025 
891.853628 
2075.546055 
845.102567 
77.073740 
1667.880534 
1056.337543 
2520.615040 
1842.475614 
3949.374745 
4212.495250 
4075.048527 
3173.966221 
3406.368972 
5013.414568 
5198.143282 
5641.281479 
5365.361223 
4448.009282 
7795.115813 
58747.492174 
8774.436195 
8547.695517 
8665.955204 
5101.890050 
4963.371895 
5034.340214 
7009.860143 
1865.401567 
4102.199031 
2634.336789 
1898.329373 
2703.491557 
-3507.620019 
-2278.434780 
25.746057 
-1936.129721 
-3752.473829 
-4478.757683 
-10796.539434 
-4305.908528 
-8612.515814 
-13009.340149 
-11265.895035 
-10921.298672 
-13263.301847 
-19612.881664 
-15947.065924 
-7498.692687 
-5178.575110 
-4543.411586 
-1071.419183 
-1010.845721 
-698.631704 
-1600.981315 
-589.525786 
-1050.658265 
-539.350918 
-331.812684 
-723.999425 
-34.825430 
-183.764166 
-801.090045 
463.661142 
-328.511264 
-314.654482 
300.903918 
2464.881945 
-8510.211077 
-495.580341 
-1161.263409 
409.655633 
532.853492 
-209.748722 
-95.236358 
296.137931 
84.385775 
784.755514 
754.422069 
14.787488 
1339.361686 
3117.812728 
2020.079083 
3666.776929 
4601.405410 
2067.046860 
6492.968009 
5927.002625 
5352.391760 
4813.312465 
3417.832583 
9896.498069 
8774.436195 
63387.991870 
5839.884896 
9164.370477 
9528.462339 
7133.927550 
6217.092821 
8688.896480 
7656.346064 
4128.946906 
2727.346401 
3715.353863 
592.605317 
1931.196732 
5227.193543 
1392.602064 
1443.166510 
-3427.964046 
-6109.201746 
-7768.763223 
-14444.427114 
-5179.338392 
-9261.918244 
-9944.804034 
-16957.029290 
-14807.374241 
-25972.653583 
-20866.588733 
-11691.215440 
-7060.306887 
-4063.532321 
-178.909979 
-2969.262789 
-1146.499947 
-2265.045280 
-543.437339 
-1208.994352 
-1044.818009 
-219.427475 
-887.619920 
-773.147060 
-336.320990 
158.302487 
-830.858912 
-520.633492 
327.490440 
-229.650836 
4588.607534 
-12230.513997 
1108.729044 
-2096.820958 
-1075.968673 
-363.345617 
539.714839 
1570.061717 
922.938217 
-981.578197 
1787.102450 
122.492577 
1486.315745 
1644.120757 
1610.546453 
650.235037 
-601.502958 
2139.560430 
3771.508649 
5815.287664 
5955.802695 
5825.906039 
9681.523278 
5578.089129 
9836.020914 
8547.695517 
5839.884896 
73546.601650 
9740.179310 
8490.998230 
5558.655259 
11233.214192 
9374.467898 
5799.280286 
1492.110146 
10355.773582 
8046.755470 
3777.643128 
1012.020501 
6278.959990 
-1518.456300 
-427.820847 
-929.374880 
-5971.716009 
-702.973673 
-6401.575181 
-10122.064135 
-7848.566913 
-11241.470674 
-13891.716463 
-24563.883310 
-26089.994569 
-21425.054102 
-6915.991090 
-5200.141471 
-5604.680267 
-2596.269679 
-2132.243289 
-2513.966471 
-2075.459705 
21.876026 
-640.860258 
-161.207860 
-677.956684 
-256.071405 
-785.199965 
368.000667 
-1018.343770 
518.598311 
-423.459436 
-107.883116 
247.063788 
7932.585666 
-22213.538342 
-464.122784 
-2023.038954 
-650.748026 
-499.703219 
-242.737748 
1296.682951 
-163.209274 
-1582.243759 
763.214917 
387.069625 
-949.226974 
-1446.128806 
2522.133711 
1585.443724 
1415.850551 
153.663259 
2343.254558 
5855.362534 
4898.477217 
5138.526185 
7623.629837 
4605.780640 
8744.350472 
8665.955204 
9164.370477 
9740.179310 
76835.313956 
9048.276218 
7617.850316 
9907.824082 
11602.271124 
11451.013024 
7260.242031 
8203.285618 
5594.769936 
6533.025789 
5383.573097 
5529.560447 
-2747.657696 
-1777.731672 
-2596.592487 
-5205.594515 
147.454254 
-2977.729428 
-12767.298344 
-11641.083631 
-7769.060419 
-9896.453789 
-14663.161048 
-19592.117946 
-16905.127612 
-8538.919511 
-8338.212664 
-3989.055966 
-5197.273478 
-3202.973327 
-1868.656218 
-1444.262157 
-198.287426 
-2957.431116 
-1166.424614 
-1843.695763 
-1582.352245 
-37.084249 
-486.281314 
-1368.368233 
78.464909 
-69.400864 
-80.299965 
-132.947233 
-6310.498430 
-15237.133503 
-409.176807 
-1440.720808 
534.827016 
151.465155 
-719.491430 
1568.082060 
-234.468142 
678.116979 
914.441798 
20.110418 
142.807597 
-176.246109 
2061.700427 
3807.360529 
1341.538502 
3210.108391 
3346.391211 
3947.073834 
7012.857900 
5607.452897 
4692.580862 
3908.867191 
10200.012550 
5101.890050 
9528.462339 
8490.998230 
9048.276218 
72034.465259 
6602.793656 
12417.729855 
13656.243382 
7348.936842 
4407.499679 
3714.994096 
4561.727209 
2696.052156 
1980.653764 
3079.492024 
5211.822214 
574.606158 
-6336.004187 
-5516.776965 
-5450.772150 
-1861.716805 
-7452.944727 
-9778.926550 
-16661.029009 
-13056.237947 
-18827.402382 
-22740.986496 
-30105.071344 
-11480.482402 
-5727.764766 
-4327.194017 
-1933.446850 
-4091.734069 
-1177.116878 
-1073.791737 
-525.049545 
261.573012 
-551.966009 
-923.887204 
-1792.901676 
-214.941285 
-168.370058 
-418.322878 
-349.345631 
470.641130 
-575.346139 
264.326656 
3472.705959 
-12449.274113 
-1526.451392 
626.507328 
-370.322174 
74.576747 
-795.222164 
-178.958073 
105.309394 
-403.208802 
2132.771910 
299.204835 
1405.276511 
175.935571 
2610.152057 
443.021031 
4111.707515 
3882.980168 
-440.415689 
2672.418609 
3315.058112 
8146.366334 
4037.974292 
3357.977906 
4723.031372 
4963.371895 
7133.927550 
5558.655259 
7617.850316 
6602.793656 
91098.088975 
9418.083909 
9547.516149 
6935.895405 
6603.818070 
9605.950654 
6415.602376 
1624.092075 
3705.579585 
5713.556927 
3530.910642 
-3097.339854 
-3129.843014 
-998.346279 
-233.243306 
-1931.079794 
-10182.788345 
-7865.986885 
-11430.305987 
-13309.580165 
-29081.619456 
-26446.814092 
-26846.860998 
-14292.230653 
-10108.897192 
-6547.644119 
-3981.318340 
-4456.227053 
-2547.391954 
-1579.270111 
-3645.989039 
-1298.577041 
-1084.341496 
-782.175735 
-1243.010284 
-359.578304 
-1141.337902 
104.882923 
-201.176944 
-402.124333 
-518.321002 
86.922299 
2293.260433 
-13040.547515 
-1561.499324 
-2544.414283 
179.430227 
-680.927541 
682.874644 
-146.914276 
-293.782445 
-222.528389 
1137.369575 
-1509.773430 
-131.670353 
1576.960786 
801.937790 
1065.339728 
3722.347606 
4203.682032 
12.258067 
2734.801300 
3488.595978 
6820.915288 
5614.880601 
6373.758562 
6370.315304 
5034.340214 
6217.092821 
11233.214192 
9907.824082 
12417.729855 
9418.083909 
99231.576048 
11545.572441 
13739.844034 
6848.336709 
5280.547119 
8593.193067 
2930.261596 
6758.015447 
10805.922472 
6375.205737 
-4566.037354 
1482.911635 
-4510.561589 
-6066.358438 
-10840.955069 
-9154.274301 
-11833.927211 
-11268.151972 
-16885.053437 
-22777.704578 
-31313.988477 
-31011.259085 
-14961.754808 
-9312.055098 
-6740.473616 
-3028.271036 
-4409.242904 
-1207.402740 
-1182.540729 
-800.754492 
-2741.840716 
-332.030654 
-563.002190 
-856.172442 
-706.690954 
-834.322267 
-333.554181 
-999.369335 
405.066350 
309.882149 
185.427527 
242.895336 
-32454.591103 
-1986.833543 
-2028.890333 
-880.108198 
-73.518140 
37.465356 
637.963011 
-46.273835 
-1567.265616 
-1213.588475 
-272.217860 
323.332191 
-1555.538679 
-363.264353 
706.716534 
817.375803 
790.033245 
-1181.579129 
1641.827255 
1590.589803 
4805.351240 
3763.805736 
6432.778658 
8317.827042 
7009.860143 
8688.896480 
9374.467898 
11602.271124 
13656.243382 
9547.516149 
11545.572441 
102359.033490 
8755.583187 
10383.434342 
9288.896765 
5246.495395 
8763.474747 
5776.137921 
7173.966761 
-1522.997060 
7655.341664 
-351.366842 
-4151.715928 
-5349.456759 
-4110.098917 
-11805.916327 
-5040.415798 
-10994.213865 
-21088.558821 
-22984.465083 
-23375.687702 
-29432.282992 
-8437.073464 
-8454.067360 
-6554.094541 
-2964.966079 
-3103.947509 
-3070.144195 
-2136.855381 
870.176933 
-3350.397951 
-1118.113028 
-1240.914971 
-1723.127633 
-1107.213585 
135.884373 
-753.787860 
-248.174687 
-84.918626 
32.820520 
-622.293119 
1607.303604 
-32223.307765 
-1841.531817 
-3071.577869 
274.314462 
-792.095485 
-1553.985939 
-2474.760675 
-3588.586397 
-2220.958787 
-244.029303 
-1087.980565 
860.098265 
580.917457 
-614.261252 
2416.787188 
-0.534225 
691.396314 
-593.031981 
2027.649081 
2092.553810 
130.350834 
2042.579919 
3598.590499 
6863.388728 
1865.401567 
7656.346064 
5799.280286 
11451.013024 
7348.936842 
6935.895405 
13739.844034 
8755.583187 
94867.984390 
12469.060354 
10591.424945 
8759.784972 
8481.891660 
10228.183590 
4882.361853 
4793.176209 
5959.070236 
5515.026563 
3077.668485 
-1101.727169 
-5220.363771 
-5127.961068 
-6400.547330 
-12635.781195 
-11356.447831 
-23704.909433 
-25002.670366 
-30375.265548 
-15750.667203 
-11106.778665 
-8261.104197 
-3784.901549 
-2855.921532 
-3765.558205 
-2453.047975 
-1784.912573 
-786.394848 
-1134.677089 
-1375.680711 
-1827.847668 
-350.450273 
-1348.931477 
-353.951943 
874.985511 
-679.650224 
384.021953 
245.536485 
7252.572107 
-17846.745344 
321.472663 
243.332161 
-291.312956 
-431.588358 
-1025.441240 
-601.088096 
-912.821599 
230.483853 
-434.931844 
942.559659 
-106.074197 
-187.539642 
2086.280713 
1487.497681 
2092.532132 
314.882806 
2839.023979 
2913.476098 
2388.890504 
3084.504366 
1747.462944 
7958.059596 
8482.122893 
4102.199031 
4128.946906 
1492.110146 
7260.242031 
4407.499679 
6603.818070 
6848.336709 
10383.434342 
12469.060354 
102769.230030 
9834.413627 
8749.824667 
6623.664845 
2921.039250 
4725.411716 
3537.726799 
802.503608 
4786.276803 
6623.920562 
-4221.301144 
33.572607 
-2161.427319 
-6519.083185 
-10497.431572 
-13094.757012 
-10680.263391 
-23919.446391 
-29676.169645 
-10871.528073 
-8142.243278 
-5940.698516 
-4792.769999 
-1201.243183 
-3207.758604 
-439.893972 
-115.015464 
689.361948 
-1886.734314 
-1390.290981 
-133.036255 
-729.883453 
-759.052397 
-1742.529906 
-161.613303 
-989.955306 
-202.406873 
-1245.566415 
-7212.146737 
-22401.506535 
-1687.308128 
-1616.979039 
-852.682572 
794.197021 
2.628138 
-668.989306 
-1272.243542 
-1634.933613 
-2757.559586 
-87.340276 
-2450.436869 
-1571.108905 
1547.095426 
-3626.852596 
-91.927047 
-1364.090896 
982.415039 
1501.087866 
1401.790282 
3785.846404 
2674.827899 
-1524.670782 
3489.562214 
2634.336789 
2727.346401 
10355.773582 
8203.285618 
3714.994096 
9605.950654 
5280.547119 
9288.896765 
10591.424945 
9834.413627 
109833.744690 
11915.939027 
16845.813575 
11581.593336 
9132.098019 
2197.330741 
7304.901029 
7287.112491 
912.813484 
-440.818829 
-2776.572714 
-5911.507216 
-4316.192558 
-11860.001353 
-8423.577714 
-25682.621804 
-22667.007419 
-19704.963216 
-12901.744967 
-8023.690835 
-6478.633052 
-2829.822987 
-3038.009493 
-1450.497428 
-4222.494515 
-544.678895 
-669.853255 
-1644.760025 
-2091.588540 
-1654.171968 
-1247.563185 
-585.685481 
679.603514 
-481.425348 
-141.773275 
-181.825446 
-172.698997 
1632.397833 
-24692.733683 
-1979.183295 
-1923.100654 
-307.033280 
-608.230928 
-2278.435518 
-961.549374 
-342.241001 
-2538.145667 
-261.296825 
-635.780726 
-2390.575577 
-1748.993371 
-572.894433 
-384.900219 
581.817186 
1818.283530 
-1514.929175 
2168.730765 
3466.246105 
5256.076031 
2930.215016 
2830.255195 
4953.715428 
1898.329373 
3715.353863 
8046.755470 
5594.769936 
4561.727209 
6415.602376 
8593.193067 
5246.495395 
8759.784972 
8749.824667 
11915.939027 
93363.312933 
7500.158756 
13085.877286 
12903.067906 
13324.243750 
5433.769588 
4304.585098 
459.000811 
1575.983581 
-4024.956162 
-4084.429752 
-1816.670196 
-5381.002685 
-12993.804025 
-14873.171485 
-23234.138586 
-26345.642840 
-10778.899011 
-9996.684711 
-6881.224477 
-2221.604471 
-4373.394364 
-3861.667366 
-2672.068256 
-1171.426674 
-1773.142209 
-1919.614620 
-1312.840045 
-1114.721476 
-1662.479845 
-1910.331639 
-1157.735885 
-326.185258 
-434.482972 
-510.641307 
-843.889997 
-7912.326422 
-30777.386764 
-2768.234931 
-1315.956095 
-2405.649149 
-2036.870284 
-1956.154820 
-1803.114801 
-2695.622440 
-2192.478122 
-1301.043011 
-1748.019168 
-790.942158 
-678.824546 
-3450.967180 
-1695.143956 
-259.103791 
809.731690 
-1073.089929 
324.429532 
1986.162934 
1175.337132 
-65.088570 
-1753.836944 
3932.947968 
2703.491557 
592.605317 
3777.643128 
6533.025789 
2696.052156 
1624.092075 
2930.261596 
8763.474747 
8481.891660 
6623.664845 
16845.813575 
7500.158756 
104752.354107 
6961.464472 
7192.886636 
4614.977874 
4399.799705 
3229.184698 
-1799.626594 
904.772668 
2773.853709 
-3436.189460 
252.155658 
-4322.324228 
-4187.041002 
-12852.300169 
-13815.346624 
-17757.995842 
-13520.485551 
-9294.204074 
-4787.567570 
-1523.280469 
396.560322 
-2551.704680 
-1536.234805 
-2378.399116 
-121.702811 
-2645.702637 
-1422.863916 
-1910.599683 
-537.247904 
-888.047400 
-658.281071 
-1059.311502 
-384.081931 
-0.924515 
-768.041384 
2571.962807 
-30441.675343 
-1912.117598 
-1731.286196 
-750.167217 
-1079.167111 
699.509524 
-1735.709528 
-3789.193434 
-1034.494437 
-1074.217876 
-829.820278 
-1953.212212 
710.203535 
-3427.174273 
-3623.794497 
-294.901942 
-787.701044 
-1759.158630 
76.986287 
-52.704042 
-3351.799850 
-964.121164 
-2168.567157 
764.439054 
-3507.620019 
1931.196732 
1012.020501 
5383.573097 
1980.653764 
3705.579585 
6758.015447 
5776.137921 
10228.183590 
2921.039250 
11581.593336 
13085.877286 
6961.464472 
102979.770309 
5986.464698 
1735.201587 
4374.962717 
2904.950956 
6570.849020 
3503.086142 
5963.991462 
1756.084759 
5273.941952 
-2125.877558 
-4283.383412 
-11408.426872 
-12130.882559 
-14202.842900 
-7823.326023 
-6305.523936 
-3898.148630 
-2530.227378 
-2703.798581 
-1163.303659 
-2207.996687 
-1492.679441 
-1352.983289 
-683.205008 
-1378.173296 
-2527.881094 
-1131.598714 
-273.730126 
269.699140 
573.298337 
322.951186 
-443.475756 
-553.448686 
-7914.915118 
-28190.579716 
-1919.919819 
-824.182590 
-1851.455756 
-1412.179438 
-2080.666478 
-2184.212301 
-1077.381084 
-1253.977245 
716.897892 
-786.554985 
-3504.213902 
-5.058778 
-924.911379 
-1159.032685 
-2469.599629 
-1082.222359 
-1666.959948 
-1884.284203 
-2093.038649 
695.157705 
1938.703498 
2310.801917 
4430.213983 
-2278.434780 
5227.193543 
6278.959990 
5529.560447 
3079.492024 
5713.556927 
10805.922472 
7173.966761 
4882.361853 
4725.411716 
9132.098019 
12903.067906 
7192.886636 
5986.464698 
116693.315174 
10022.556941 
13240.488971 
4299.947147 
4464.414956 
4614.251993 
-1571.680093 
226.658956 
2880.165064 
-6748.661480 
-8772.048902 
-9651.763732 
-15459.679370 
-16887.739437 
-3659.570374 
-11875.818593 
-8527.103324 
-3902.184576 
-3013.350248 
-3593.586824 
-5074.585753 
-2769.430014 
-1508.173125 
-2676.288044 
-521.824736 
-1532.955624 
-2165.949953 
-1118.406356 
-813.190140 
-1176.526774 
-830.514080 
-500.237517 
-1176.197339 
-12746.695494 
-23921.910307 
-2446.793001 
-385.943165 
-1021.936186 
-644.528403 
196.042145 
-2529.936625 
-2017.764840 
-1793.183296 
-2666.148493 
-3216.326948 
-1681.058945 
-3319.477684 
-1313.868270 
-3118.771086 
-853.134380 
-1374.662447 
-4732.082592 
-1864.646240 
-3123.879914 
-2360.596589 
-1858.573140 
-3857.954228 
-2068.625175 
25.746057 
1392.602064 
-1518.456300 
-2747.657696 
5211.822214 
3530.910642 
6375.205737 
-1522.997060 
4793.176209 
3537.726799 
2197.330741 
13324.243750 
4614.977874 
1735.201587 
10022.556941 
125386.761865 
4044.551321 
12499.746782 
3146.688103 
1240.654348 
5180.225470 
1851.577258 
-921.242427 
87.553382 
-2696.286054 
-11762.500306 
-18212.072034 
-12586.701532 
-7168.778587 
-7132.722312 
-6015.434349 
-2904.785523 
-3983.193726 
-1951.338056 
-1763.323754 
-1748.135113 
-1426.284639 
-2453.853241 
-2461.225540 
-1529.067153 
-975.916491 
-259.000818 
-627.262688 
-936.927532 
-277.746103 
-387.257685 
-707.774273 
-11675.566734 
-29831.848191 
-2731.120787 
-2258.415672 
-1334.782303 
-715.425543 
-2201.800222 
-2931.623549 
-2086.675511 
-2016.973278 
-3536.564177 
-2116.355828 
-2851.949998 
-2630.200078 
-4709.314026 
-3389.579829 
-4016.891652 
-5761.122837 
-2169.605345 
-367.211538 
-3809.370283 
-1700.991419 
-7717.012642 
-1867.775097 
-4078.221062 
-1936.129721 
1443.166510 
-427.820847 
-1777.731672 
574.606158 
-3097.339854 
-4566.037354 
7655.341664 
5959.070236 
802.503608 
7304.901029 
5433.769588 
4399.799705 
4374.962717 
13240.488971 
4044.551321 
133116.608401 
11647.518332 
5180.797152 
4755.971062 
-738.793640 
3633.116117 
11345.921278 
1545.756089 
-5375.510998 
-1820.676059 
6242.463995 
-12025.228789 
-3024.130591 
-3086.850278 
-6168.120743 
-1428.408211 
-4554.437531 
-1762.401589 
-1596.595678 
-2593.188435 
-1071.696285 
-653.890157 
-931.350574 
-1839.104745 
-320.430684 
-1216.985890 
-931.312795 
-606.962609 
-370.354092 
-91.116130 
-1094.042284 
-10615.463041 
-38212.696653 
-3011.623050 
-1500.892751 
-2179.559966 
-1766.431807 
-3301.876026 
-3376.506127 
-5896.638122 
-2549.486694 
-6868.882683 
-2243.622640 
-4043.439271 
-1435.158933 
-3109.475399 
-2882.893047 
-4220.900369 
-5887.335658 
-833.159514 
-4931.579600 
-3759.002248 
-6287.087638 
-4392.563274 
-4220.771374 
-5099.600835 
-3752.473829 
-3427.964046 
-929.374880 
-2596.592487 
-6336.004187 
-3129.843014 
1482.911635 
-351.366842 
5515.026563 
4786.276803 
7287.112491 
4304.585098 
3229.184698 
2904.950956 
4299.947147 
12499.746782 
11647.518332 
133821.578391 
6698.219966 
8437.693723 
3365.345829 
7652.217126 
4691.842982 
318.858543 
-235.141373 
2932.023828 
-549.001905 
-1880.915459 
-8302.496599 
-4998.478673 
-1619.983977 
-2999.687652 
-2526.112157 
-323.436283 
-3606.344608 
-2001.734199 
-1550.498601 
-2130.593560 
-2156.986787 
-1274.966909 
-1114.724139 
-607.939952 
-988.876623 
50.668390 
-833.332167 
-829.288628 
-399.338862 
-3458.599773 
-13281.955536 
-1586.144043 
978.011694 
-2339.401056 
-846.405059 
-2177.179950 
-1472.892860 
-4717.634835 
-2440.787958 
-2478.052057 
-3454.464501 
-1408.827023 
-2353.108747 
-1559.596485 
-1338.496408 
-7503.736448 
-4316.029936 
-3642.979421 
-2333.494268 
-5689.281534 
-4396.720659 
-2182.274102 
-4694.952469 
-5323.449533 
-4478.757683 
-6109.201746 
-5971.716009 
-5205.594515 
-5516.776965 
-998.346279 
-4510.561589 
-4151.715928 
3077.668485 
6623.920562 
912.813484 
459.000811 
-1799.626594 
6570.849020 
4464.414956 
3146.688103 
5180.797152 
6698.219966 
119561.318762 
7234.751226 
4025.697783 
11382.951126 
13204.908675 
3165.091335 
11154.526102 
10592.751558 
1127.908935 
6428.033888 
518.784113 
1670.220135 
-2521.249548 
-1203.072077 
-3767.233866 
-591.797675 
-2718.575542 
-294.792138 
-589.651437 
-311.525688 
-1245.717533 
513.822890 
-61.230478 
-875.010641 
-24.125334 
-613.401133 
-966.575452 
-297.815595 
-460.578306 
-9691.664139 
-16206.503521 
-3169.130906 
-2238.458418 
-2270.250047 
-1581.255858 
-1126.387557 
-1800.462941 
-2233.360644 
-2515.555054 
-909.674434 
-2666.676512 
-2151.334441 
-3363.319966 
-2294.957479 
-2003.760166 
-3908.729845 
-387.295296 
-2146.699517 
-3003.859751 
-6029.955976 
-5188.761923 
-4550.082560 
-5549.997151 
-7279.670509 
-10796.539434 
-7768.763223 
-702.973673 
147.454254 
-5450.772150 
-233.243306 
-6066.358438 
-5349.456759 
-1101.727169 
-4221.301144 
-440.818829 
1575.983581 
904.772668 
3503.086142 
4614.251993 
1240.654348 
4755.971062 
8437.693723 
7234.751226 
134267.418676 
4822.717951 
7639.454856 
7287.265303 
15641.614336 
9536.140610 
7931.858071 
8506.712388 
-1639.840522 
6013.691898 
586.687602 
-1201.972556 
329.064362 
-628.534092 
-2781.309979 
-610.603189 
-2841.419870 
-821.269232 
-805.478387 
-2373.618036 
319.291413 
-166.897695 
-1273.700835 
-751.086685 
-1246.821711 
-1028.195908 
-1055.529787 
-1313.294205 
-4071.489664 
-9220.093630 
-1680.892680 
-892.456292 
-1100.161972 
-1628.550863 
-345.954002 
-220.884063 
-1145.899498 
-1983.244855 
-3426.128250 
-1512.152395 
-2871.847227 
-2051.319786 
-1725.380806 
-1003.911029 
-5595.939066 
-3201.124981 
-6499.350480 
-2950.941849 
-1280.492139 
-5602.013317 
-7942.200652 
-6498.820584 
-6891.274621 
-4305.908528 
-14444.427114 
-6401.575181 
-2977.729428 
-1861.716805 
-1931.079794 
-10840.955069 
-4110.098917 
-5220.363771 
33.572607 
-2776.572714 
-4024.956162 
2773.853709 
5963.991462 
-1571.680093 
5180.225470 
-738.793640 
3365.345829 
4025.697783 
4822.717951 
133725.207238 
4658.563347 
2442.978507 
1836.732623 
6935.657616 
9925.752959 
19308.966093 
9968.997756 
4376.138217 
4168.985878 
1732.945115 
-563.221863 
2942.729570 
-3600.316722 
-871.822257 
-1176.953727 
611.117995 
-579.221301 
-309.288233 
-362.453283 
-1138.867257 
-251.054432 
-261.189934 
20.433408 
-613.129922 
-1271.548681 
-1111.481584 
-10683.925588 
-19514.656509 
-867.905539 
1131.382485 
5.622870 
-3323.831036 
-1061.946133 
-3503.086772 
-1574.376069 
-1551.304357 
-2297.631049 
-3865.082419 
-2726.447357 
-1661.835878 
-5925.669881 
-5044.031887 
-5192.929970 
-4616.421304 
-2418.349968 
-3263.102164 
-8202.804146 
-10739.271874 
-5523.685513 
-3385.787198 
-8533.853858 
-8612.515814 
-5179.338392 
-10122.064135 
-12767.298344 
-7452.944727 
-10182.788345 
-9154.274301 
-11805.916327 
-5127.961068 
-2161.427319 
-5911.507216 
-4084.429752 
-3436.189460 
1756.084759 
226.658956 
1851.577258 
3633.116117 
7652.217126 
11382.951126 
7639.454856 
4658.563347 
139018.285064 
16430.525685 
18435.925211 
20342.210796 
21192.227280 
20932.049161 
22140.508462 
6311.055286 
9862.322500 
1732.689085 
852.389177 
3840.096770 
3080.102418 
1025.193875 
401.050301 
674.633822 
-136.351440 
266.919715 
-701.667613 
-848.633089 
74.648906 
-261.183974 
171.405334 
-1079.171056 
362.365515 
142.807985 
-11716.435982 
-19244.291727 
-872.608733 
-1207.732382 
-2315.746671 
-569.166960 
-468.752741 
-3283.137057 
-1795.243173 
-1950.998376 
-2634.789967 
-3658.069789 
-5426.160598 
-5812.017934 
-4190.513191 
-1173.630070 
-6481.246182 
-5535.436350 
-3460.120902 
-6815.130286 
-6622.509972 
-10232.136917 
-10242.809120 
-5215.060054 
-9958.029049 
-13009.340149 
-9261.918244 
-7848.566913 
-11641.083631 
-9778.926550 
-7865.986885 
-11833.927211 
-5040.415798 
-6400.547330 
-6519.083185 
-4316.192558 
-1816.670196 
252.155658 
5273.941952 
2880.165064 
-921.242427 
11345.921278 
4691.842982 
13204.908675 
7287.265303 
2442.978507 
16430.525685 
149153.802378 
16199.254686 
22310.885551 
23252.680555 
37708.204169 
25997.198951 
17073.509780 
9048.284512 
1515.971964 
760.153925 
884.747506 
2004.466976 
1314.754012 
342.965615 
-990.308950 
-1037.097655 
-207.656537 
-441.776107 
-488.457262 
-1459.424677 
536.445110 
-15.374362 
24.700661 
-819.559920 
-162.018545 
-16228.192471 
-5761.719031 
375.908980 
-1553.521518 
-3043.456584 
-772.315445 
-2581.838640 
-2003.359720 
-916.835219 
-3280.172793 
-345.006323 
-2806.856359 
-4315.854946 
-1264.405667 
-3886.080453 
-1439.827690 
-3579.455346 
-4061.589960 
-4247.405932 
-9875.280184 
-13660.977860 
-6216.318241 
-5848.871074 
-7293.690987 
-8293.130352 
-11265.895035 
-9944.804034 
-11241.470674 
-7769.060419 
-16661.029009 
-11430.305987 
-11268.151972 
-10994.213865 
-12635.781195 
-10497.431572 
-11860.001353 
-5381.002685 
-4322.324228 
-2125.877558 
-6748.661480 
87.553382 
1545.756089 
318.858543 
3165.091335 
15641.614336 
1836.732623 
18435.925211 
16199.254686 
154458.663226 
23799.337018 
27525.506070 
40122.797589 
33410.708462 
16169.861728 
6297.691734 
8286.057106 
1206.250393 
3155.261700 
1350.079135 
2831.506937 
-511.195848 
-826.591222 
1246.519193 
-844.327359 
14.390691 
-873.635995 
-518.564101 
-621.142295 
-232.832989 
-956.228150 
-920.701248 
-759.426840 
-17828.324775 
-11545.095409 
-1200.935576 
1437.691762 
-3043.580164 
-329.605420 
-629.903623 
-3145.722288 
-975.449233 
-1049.688386 
-923.663446 
-2257.188318 
-530.258707 
-1932.949185 
-3843.004088 
-4341.329328 
-3467.574448 
-6345.777940 
-2024.477981 
-5913.382381 
-7574.501397 
-10454.900094 
-10673.366849 
-10139.820128 
-15923.663527 
-10921.298672 
-16957.029290 
-13891.716463 
-9896.453789 
-13056.237947 
-13309.580165 
-16885.053437 
-21088.558821 
-11356.447831 
-13094.757012 
-8423.577714 
-12993.804025 
-4187.041002 
-4283.383412 
-8772.048902 
-2696.286054 
-5375.510998 
-235.141373 
11154.526102 
9536.140610 
6935.657616 
20342.210796 
22310.885551 
23799.337018 
166548.944091 
22394.806347 
53647.429568 
39081.384711 
19415.984552 
17604.057112 
4877.818181 
2990.623068 
5922.800630 
1146.404137 
1237.664894 
1736.029722 
1053.429066 
-1050.395720 
392.187484 
510.900383 
-487.419217 
305.070455 
949.842164 
573.745532 
35.112247 
376.271045 
-478.885022 
-11751.243661 
8781.139632 
197.293238 
-229.944042 
-2826.971044 
1097.054856 
-1878.342819 
-3597.634898 
734.796272 
-538.057974 
-3435.345543 
-3179.457848 
-5216.589766 
-6360.665551 
-816.592816 
-5524.104913 
-5461.919200 
-4974.813335 
-8377.073164 
-5187.843747 
-8407.807569 
-9889.404426 
-15699.199306 
-8532.050601 
-16881.471750 
-13263.301847 
-14807.374241 
-24563.883310 
-14663.161048 
-18827.402382 
-29081.619456 
-22777.704578 
-22984.465083 
-23704.909433 
-10680.263391 
-25682.621804 
-14873.171485 
-12852.300169 
-11408.426872 
-9651.763732 
-11762.500306 
-1820.676059 
2932.023828 
10592.751558 
7931.858071 
9925.752959 
21192.227280 
23252.680555 
27525.506070 
22394.806347 
218343.857789 
47651.210074 
67152.404538 
23212.366251 
20535.682149 
12079.539925 
7387.753528 
8125.672469 
6611.649444 
4536.371863 
1884.229285 
5380.880975 
-731.069987 
3740.293029 
1372.603058 
-312.798830 
581.934961 
588.698322 
1154.874724 
-171.899196 
575.490898 
-750.583852 
-19695.265889 
-1193.335681 
-271.771522 
-3564.969969 
-1323.572449 
-2499.387198 
-2479.231662 
-2183.908813 
-2239.262372 
-1584.569220 
-1360.587835 
-6448.133116 
-4974.661032 
-5626.388218 
-8395.144287 
-11618.684143 
-6819.424973 
-8856.945562 
-4345.969043 
-15854.229641 
-13695.678670 
-13529.823341 
-18251.830234 
-5938.889577 
-28146.288949 
-19612.881664 
-25972.653583 
-26089.994569 
-19592.117946 
-22740.986496 
-26446.814092 
-31313.988477 
-23375.687702 
-25002.670366 
-23919.446391 
-22667.007419 
-23234.138586 
-13815.346624 
-12130.882559 
-15459.679370 
-18212.072034 
6242.463995 
-549.001905 
1127.908935 
8506.712388 
19308.966093 
20932.049161 
37708.204169 
40122.797589 
53647.429568 
47651.210074 
277863.981525 
80855.860810 
38151.871844 
26288.132266 
17312.417110 
9647.895991 
12279.411647 
6083.911880 
7204.831492 
3135.134330 
5136.564154 
1372.655902 
2881.064777 
4416.966882 
1880.433899 
1289.548710 
1413.908088 
1206.401143 
155.158567 
1127.112675 
223.843409 
-11565.211295 
4171.306276 
381.723334 
1117.031998 
-549.994144 
-972.755991 
-2508.820720 
-1045.892334 
-1788.705215 
-885.074601 
-2154.477345 
-2709.619586 
-4492.152888 
-2331.198925 
-5154.950035 
-6814.532364 
-5024.204139 
-6087.186014 
-3407.355944 
-11611.387873 
-14654.803469 
-17181.946553 
-13548.787009 
-14516.876961 
-21267.367849 
-15947.065924 
-20866.588733 
-21425.054102 
-16905.127612 
-30105.071344 
-26846.860998 
-31011.259085 
-29432.282992 
-30375.265548 
-29676.169645 
-19704.963216 
-26345.642840 
-17757.995842 
-14202.842900 
-16887.739437 
-12586.701532 
-12025.228789 
-1880.915459 
6428.033888 
-1639.840522 
9968.997756 
22140.508462 
25997.198951 
33410.708462 
39081.384711 
67152.404538 
80855.860810 
236660.681039 
37094.197737 
29163.506850 
20467.065306 
8655.522280 
11540.789710 
9448.648542 
5811.912547 
6542.831819 
4863.060892 
1835.743961 
5948.251560 
3216.786487 
3095.752637 
2326.048401 
1279.037335 
331.682964 
2299.614954 
799.734177 
237.681059 
-12930.236873 
5416.757694 
-1371.421974 
-657.970147 
-468.350122 
-1108.933812 
-1109.454879 
-1646.415268 
-734.605109 
-326.414460 
-1433.948833 
-201.418147 
-1269.077111 
-2432.043978 
-817.192572 
-3654.895242 
-3357.923690 
-1226.814218 
-1199.625334 
-3640.646725 
-5852.610147 
-5730.777627 
-6448.480221 
-3573.214013 
-5314.063935 
-7498.692687 
-11691.215440 
-6915.991090 
-8538.919511 
-11480.482402 
-14292.230653 
-14961.754808 
-8437.073464 
-15750.667203 
-10871.528073 
-12901.744967 
-10778.899011 
-13520.485551 
-7823.326023 
-3659.570374 
-7168.778587 
-3024.130591 
-8302.496599 
518.784113 
6013.691898 
4376.138217 
6311.055286 
17073.509780 
16169.861728 
19415.984552 
23212.366251 
38151.871844 
37094.197737 
96530.657332 
16663.537515 
7509.220997 
6236.394500 
4206.655722 
3993.608829 
2613.475830 
1845.742014 
1380.235135 
1686.901949 
2410.858073 
1746.636895 
1296.358491 
851.716490 
-412.896046 
338.513883 
855.804596 
616.379628 
756.031167 
-12438.984210 
5161.608991 
110.130701 
-302.260107 
110.062433 
-406.679290 
-979.944420 
-862.251004 
626.171114 
1978.529440 
-802.454093 
-1505.858646 
-628.405996 
-3723.586536 
-3341.142670 
-2018.932413 
-3795.137088 
-1966.406843 
-1925.896335 
-4269.217463 
-2933.041394 
-3414.793558 
-3730.388687 
-3118.752107 
-7149.088272 
-5178.575110 
-7060.306887 
-5200.141471 
-8338.212664 
-5727.764766 
-10108.897192 
-9312.055098 
-8454.067360 
-11106.778665 
-8142.243278 
-8023.690835 
-9996.684711 
-9294.204074 
-6305.523936 
-11875.818593 
-7132.722312 
-3086.850278 
-4998.478673 
1670.220135 
586.687602 
4168.985878 
9862.322500 
9048.284512 
6297.691734 
17604.057112 
20535.682149 
26288.132266 
29163.506850 
16663.537515 
51375.133486 
5989.406572 
3968.031991 
2822.156768 
2767.353114 
2586.793251 
503.213707 
2486.795094 
1914.626497 
1181.470995 
1360.252200 
723.056564 
1559.022666 
771.984796 
514.851613 
530.192234 
863.865822 
285.313103 
-6043.649831 
3871.020950 
-445.482708 
-187.018674 
-687.694799 
-22.345947 
107.523435 
-981.222797 
284.250613 
219.515995 
-500.676672 
-1215.914036 
-985.667385 
-1169.683116 
-1129.024747 
-969.172445 
-1072.366425 
623.394557 
-392.895502 
-3132.068426 
-3567.696109 
-816.144146 
-963.058815 
-2339.761787 
-3552.285119 
-4543.411586 
-4063.532321 
-5604.680267 
-3989.055966 
-4327.194017 
-6547.644119 
-6740.473616 
-6554.094541 
-8261.104197 
-5940.698516 
-6478.633052 
-6881.224477 
-4787.567570 
-3898.148630 
-8527.103324 
-6015.434349 
-6168.120743 
-1619.983977 
-2521.249548 
-1201.972556 
1732.945115 
1732.689085 
1515.971964 
8286.057106 
4877.818181 
12079.539925 
17312.417110 
20467.065306 
7509.220997 
5989.406572 
35854.912634 
3451.855011 
3469.748364 
1677.223351 
1736.536472 
1417.367522 
1200.059897 
1129.667176 
1478.303757 
2238.593865 
808.010622 
1112.707783 
661.588073 
582.691379 
82.776803 
576.005307 
45.714603 
-1227.283705 
2639.398432 
-57.578153 
-246.076916 
-567.865228 
-1049.024363 
-7.269304 
-489.358512 
395.267145 
-681.734945 
-553.373349 
242.493563 
-198.648125 
-291.734495 
-367.833277 
-1156.812695 
-338.633292 
-418.662568 
-284.678350 
-1669.341029 
-1005.684451 
-2915.026319 
-1622.380823 
-517.423429 
-2430.823346 
-1071.419183 
-178.909979 
-2596.269679 
-5197.273478 
-1933.446850 
-3981.318340 
-3028.271036 
-2964.966079 
-3784.901549 
-4792.769999 
-2829.822987 
-2221.604471 
-1523.280469 
-2530.227378 
-3902.184576 
-2904.785523 
-1428.408211 
-2999.687652 
-1203.072077 
329.064362 
-563.221863 
852.389177 
760.153925 
1206.250393 
2990.623068 
7387.753528 
9647.895991 
8655.522280 
6236.394500 
3968.031991 
3451.855011 
20675.896970 
2367.997682 
2073.593350 
1025.968758 
1070.428351 
784.878225 
1029.455572 
610.748596 
448.331179 
276.205341 
1012.851576 
623.553639 
249.322264 
81.289130 
369.477101 
40.797156 
-423.041292 
-423.856735 
-249.637033 
114.805612 
-302.247984 
328.644562 
87.521839 
147.410267 
330.831627 
-564.563368 
28.695005 
-167.456380 
325.020797 
-872.286482 
-662.321336 
-777.793265 
-683.238113 
-819.729524 
664.676320 
-1741.960093 
-1756.876760 
-1579.178895 
-1055.622234 
-2443.782403 
-1499.668335 
-1010.845721 
-2969.262789 
-2132.243289 
-3202.973327 
-4091.734069 
-4456.227053 
-4409.242904 
-3103.947509 
-2855.921532 
-1201.243183 
-3038.009493 
-4373.394364 
396.560322 
-2703.798581 
-3013.350248 
-3983.193726 
-4554.437531 
-2526.112157 
-3767.233866 
-628.534092 
2942.729570 
3840.096770 
884.747506 
3155.261700 
5922.800630 
8125.672469 
12279.411647 
11540.789710 
4206.655722 
2822.156768 
3469.748364 
2367.997682 
17742.432626 
1860.990470 
1334.999715 
1027.475385 
963.647285 
72.430849 
903.031708 
785.598754 
-244.647781 
257.949556 
236.069009 
579.288227 
633.081412 
49.583395 
306.056766 
-306.531036 
4416.004536 
297.272350 
1459.818355 
162.779744 
611.230237 
252.435670 
-278.623802 
-3.923000 
355.879070 
203.328936 
144.118051 
-53.808418 
-390.169140 
9.235587 
-998.833047 
-792.226833 
-1425.793401 
-642.843373 
-1072.002095 
-1800.738724 
-1428.136831 
-938.062969 
-1131.703436 
-1212.705800 
-698.631704 
-1146.499947 
-2513.966471 
-1868.656218 
-1177.116878 
-2547.391954 
-1207.402740 
-3070.144195 
-3765.558205 
-3207.758604 
-1450.497428 
-3861.667366 
-2551.704680 
-1163.303659 
-3593.586824 
-1951.338056 
-1762.401589 
-323.436283 
-591.797675 
-2781.309979 
-3600.316722 
3080.102418 
2004.466976 
1350.079135 
1146.404137 
6611.649444 
6083.911880 
9448.648542 
3993.608829 
2767.353114 
1677.223351 
2073.593350 
1860.990470 
15339.969167 
1516.039154 
337.578555 
668.717670 
1262.774305 
478.222505 
126.281625 
273.801635 
177.187991 
447.476290 
190.777681 
343.310080 
172.179361 
341.785441 
-303.173735 
1837.335210 
75.515646 
307.163549 
308.691747 
-365.240059 
-230.607762 
-22.962594 
295.944816 
-71.328265 
458.369861 
259.706997 
-263.913362 
-673.041013 
-570.324969 
-522.067741 
-381.711903 
863.749339 
613.846293 
-1077.292823 
-115.364851 
47.282781 
-1654.958812 
-287.392879 
-2179.746521 
-1600.981315 
-2265.045280 
-2075.459705 
-1444.262157 
-1073.791737 
-1579.270111 
-1182.540729 
-2136.855381 
-2453.047975 
-439.893972 
-4222.494515 
-2672.068256 
-1536.234805 
-2207.996687 
-5074.585753 
-1763.323754 
-1596.595678 
-3606.344608 
-2718.575542 
-610.603189 
-871.822257 
1025.193875 
1314.754012 
2831.506937 
1237.664894 
4536.371863 
7204.831492 
5811.912547 
2613.475830 
2586.793251 
1736.536472 
1025.968758 
1334.999715 
1516.039154 
12236.989415 
471.148292 
-28.355005 
504.009160 
633.819527 
153.544932 
809.949409 
882.596480 
263.636334 
130.589771 
436.378685 
13.340328 
496.717769 
75.482221 
773.411308 
-71.633974 
283.016367 
93.757871 
223.540046 
-358.402558 
620.888524 
55.639496 
-349.247725 
-130.283999 
-166.548087 
-179.155156 
257.362853 
276.923031 
-209.682305 
-165.428787 
24.224046 
287.248926 
41.765351 
-1184.147755 
-495.191467 
61.410941 
842.831978 
314.011005 
-589.525786 
-543.437339 
21.876026 
-198.287426 
-525.049545 
-3645.989039 
-800.754492 
870.176933 
-1784.912573 
-115.015464 
-544.678895 
-1171.426674 
-2378.399116 
-1492.679441 
-2769.430014 
-1748.135113 
-2593.188435 
-2001.734199 
-294.792138 
-2841.419870 
-1176.953727 
401.050301 
342.965615 
-511.195848 
1736.029722 
1884.229285 
3135.134330 
6542.831819 
1845.742014 
503.213707 
1417.367522 
1070.428351 
1027.475385 
337.578555 
471.148292 
9490.330167 
547.931974 
-20.458280 
692.867388 
512.995974 
442.935390 
715.880945 
138.732710 
483.453815 
330.043735 
52.806257 
157.532294 
2222.079033 
2543.634940 
-270.023321 
-40.619717 
-104.637196 
-360.554332 
164.430318 
-428.249705 
-167.299452 
224.036277 
-336.290749 
258.723206 
-48.932921 
138.451971 
-112.150674 
-671.700682 
-386.547094 
-161.863709 
-505.872986 
-238.166992 
-239.342997 
-91.578663 
-1246.891027 
-322.796186 
-1117.756675 
-1050.658265 
-1208.994352 
-640.860258 
-2957.431116 
261.573012 
-1298.577041 
-2741.840716 
-3350.397951 
-786.394848 
689.361948 
-669.853255 
-1773.142209 
-121.702811 
-1352.983289 
-1508.173125 
-1426.284639 
-1071.696285 
-1550.498601 
-589.651437 
-821.269232 
611.117995 
674.633822 
-990.308950 
-826.591222 
1053.429066 
5380.880975 
5136.564154 
4863.060892 
1380.235135 
2486.795094 
1200.059897 
784.878225 
963.647285 
668.717670 
-28.355005 
547.931974 
7146.707330 
609.820469 
597.354189 
490.070112 
359.754336 
200.364205 
342.172671 
275.897007 
113.983794 
76.059370 
27.718393 
1202.097593 
2960.827883 
-181.886224 
275.974880 
-344.513158 
1.409626 
230.756247 
14.034763 
163.625733 
-238.937327 
-235.397149 
324.487846 
566.680500 
-164.083653 
-71.054609 
-95.337084 
-140.292701 
-744.079450 
-524.193143 
-628.234544 
-110.225961 
-435.193816 
-1199.941127 
172.130805 
-507.608892 
-539.350918 
-1044.818009 
-161.207860 
-1166.424614 
-551.966009 
-1084.341496 
-332.030654 
-1118.113028 
-1134.677089 
-1886.734314 
-1644.760025 
-1919.614620 
-2645.702637 
-683.205008 
-2676.288044 
-2453.853241 
-653.890157 
-2130.593560 
-311.525688 
-805.478387 
-579.221301 
-136.351440 
-1037.097655 
1246.519193 
-1050.395720 
-731.069987 
1372.655902 
1835.743961 
1686.901949 
1914.626497 
1129.667176 
1029.455572 
72.430849 
1262.774305 
504.009160 
-20.458280 
609.820469 
7356.839337 
413.629928 
179.291772 
74.668170 
441.450216 
263.803536 
202.903370 
30.030655 
178.726060 
264.007209 
1256.782252 
2170.927133 
-12.912074 
14.130047 
-375.770446 
65.302449 
-31.969084 
75.304894 
147.727072 
-53.895632 
397.447828 
114.678236 
102.202720 
426.365078 
156.633536 
-490.346264 
504.932797 
147.883694 
62.083966 
-597.076827 
389.339061 
-91.412701 
-999.114524 
336.962089 
-927.302768 
-331.812684 
-219.427475 
-677.956684 
-1843.695763 
-923.887204 
-782.175735 
-563.002190 
-1240.914971 
-1375.680711 
-1390.290981 
-2091.588540 
-1312.840045 
-1422.863916 
-1378.173296 
-521.824736 
-2461.225540 
-931.350574 
-2156.986787 
-1245.717533 
-2373.618036 
-309.288233 
266.919715 
-207.656537 
-844.327359 
392.187484 
3740.293029 
2881.064777 
5948.251560 
2410.858073 
1181.470995 
1478.303757 
610.748596 
903.031708 
478.222505 
633.819527 
692.867388 
597.354189 
413.629928 
5650.746397 
617.835382 
428.005249 
610.536566 
114.458312 
249.058421 
224.361131 
435.699669 
161.512777 
1480.046989 
2164.896741 
297.272954 
194.635449 
111.202036 
-308.769454 
-73.033073 
-138.355815 
164.278957 
17.520236 
122.966720 
-152.510811 
-67.993934 
243.743533 
-211.449821 
29.098570 
-324.555307 
-414.793455 
514.520657 
-159.503974 
-604.406638 
77.388003 
-376.448583 
704.376384 
-292.133755 
-723.999425 
-887.619920 
-256.071405 
-1582.352245 
-1792.901676 
-1243.010284 
-856.172442 
-1723.127633 
-1827.847668 
-133.036255 
-1654.171968 
-1114.721476 
-1910.599683 
-2527.881094 
-1532.955624 
-1529.067153 
-1839.104745 
-1274.966909 
513.822890 
319.291413 
-362.453283 
-701.667613 
-441.776107 
14.390691 
510.900383 
1372.603058 
4416.966882 
3216.786487 
1746.636895 
1360.252200 
2238.593865 
448.331179 
785.598754 
126.281625 
153.544932 
512.995974 
490.070112 
179.291772 
617.835382 
4575.152295 
349.367842 
150.404289 
285.209218 
106.565458 
62.401849 
125.294844 
-1.016061 
2133.818874 
2044.152175 
172.246797 
335.045721 
245.652386 
-199.965090 
63.640389 
236.823388 
3.986494 
-96.985845 
211.140844 
294.528227 
-2.506019 
193.335630 
43.499891 
331.838408 
-66.237194 
295.959849 
225.771430 
79.864323 
262.483919 
-95.525440 
-453.062425 
-223.009057 
-561.795564 
-34.825430 
-773.147060 
-785.199965 
-37.084249 
-214.941285 
-359.578304 
-706.690954 
-1107.213585 
-350.450273 
-729.883453 
-1247.563185 
-1662.479845 
-537.247904 
-1131.598714 
-2165.949953 
-975.916491 
-320.430684 
-1114.724139 
-61.230478 
-166.897695 
-1138.867257 
-848.633089 
-488.457262 
-873.635995 
-487.419217 
-312.798830 
1880.433899 
3095.752637 
1296.358491 
723.056564 
808.010622 
276.205341 
-244.647781 
273.801635 
809.949409 
442.935390 
359.754336 
74.668170 
428.005249 
349.367842 
4117.688616 
298.955085 
111.929907 
135.726296 
155.002535 
214.133787 
64.270312 
1913.308718 
110.465741 
195.329621 
-101.079796 
-119.686770 
-152.771754 
-241.981895 
24.779030 
0.156348 
680.207875 
86.025657 
22.938452 
14.678148 
48.833607 
-115.155373 
-542.852771 
-180.736619 
-14.081751 
336.410432 
-491.144912 
431.462155 
-195.933743 
-6.165612 
-140.117324 
54.627336 
-183.764166 
-336.320990 
368.000667 
-486.281314 
-168.370058 
-1141.337902 
-834.322267 
135.884373 
-1348.931477 
-759.052397 
-585.685481 
-1910.331639 
-888.047400 
-273.730126 
-1118.406356 
-259.000818 
-1216.985890 
-607.939952 
-875.010641 
-1273.700835 
-251.054432 
74.648906 
-1459.424677 
-518.564101 
305.070455 
581.934961 
1289.548710 
2326.048401 
851.716490 
1559.022666 
1112.707783 
1012.851576 
257.949556 
177.187991 
882.596480 
715.880945 
200.364205 
441.450216 
610.536566 
150.404289 
298.955085 
4069.359398 
301.830903 
330.775316 
171.159760 
101.396941 
113.048004 
1842.202347 
-425.787505 
-35.518937 
13.960579 
-52.192499 
-268.349801 
41.029814 
-225.088654 
-250.766101 
-70.749719 
-187.267573 
77.043021 
99.370971 
-122.493774 
-226.786531 
111.547528 
-91.963991 
-64.027548 
-355.139949 
-689.617301 
319.050171 
179.612250 
-215.885274 
-346.189898 
-325.096556 
-801.090045 
158.302487 
-1018.343770 
-1368.368233 
-418.322878 
104.882923 
-333.554181 
-753.787860 
-353.951943 
-1742.529906 
679.603514 
-1157.735885 
-658.281071 
269.699140 
-813.190140 
-627.262688 
-931.312795 
-988.876623 
-24.125334 
-751.086685 
-261.189934 
-261.183974 
536.445110 
-621.142295 
949.842164 
588.698322 
1413.908088 
1279.037335 
-412.896046 
771.984796 
661.588073 
623.553639 
236.069009 
447.476290 
263.636334 
138.732710 
342.172671 
263.803536 
114.458312 
285.209218 
111.929907 
301.830903 
2925.608802 
283.284412 
158.353378 
118.499043 
136.990898 
2013.025381 
1003.642411 
125.925332 
87.467506 
196.716834 
-26.250503 
-72.142941 
-0.415669 
-29.795030 
47.567307 
97.050787 
-53.824042 
-206.816536 
-93.257676 
135.199417 
72.626002 
-185.082940 
-483.565293 
-246.585432 
-377.247201 
363.659668 
-136.461859 
91.223660 
651.961880 
-348.020440 
463.661142 
-830.858912 
518.598311 
78.464909 
-349.345631 
-201.176944 
-999.369335 
-248.174687 
874.985511 
-161.613303 
-481.425348 
-326.185258 
-1059.311502 
573.298337 
-1176.526774 
-936.927532 
-606.962609 
50.668390 
-613.401133 
-1246.821711 
20.433408 
171.405334 
-15.374362 
-232.832989 
573.745532 
1154.874724 
1206.401143 
331.682964 
338.513883 
514.851613 
582.691379 
249.322264 
579.288227 
190.777681 
130.589771 
483.453815 
275.897007 
202.903370 
249.058421 
106.565458 
135.726296 
330.775316 
283.284412 
2387.129222 
114.005940 
107.557769 
169.682520 
1547.622994 
1188.650865 
98.747537 
178.940700 
65.536988 
386.099009 
-10.583295 
49.260054 
-17.220053 
292.395650 
165.399043 
-55.209230 
-133.703982 
62.840056 
-40.616886 
181.862975 
249.452982 
400.006138 
75.882310 
-210.797850 
302.877168 
142.322122 
-148.529646 
-296.885749 
667.727300 
-328.511264 
-520.633492 
-423.459436 
-69.400864 
470.641130 
-402.124333 
405.066350 
-84.918626 
-679.650224 
-989.955306 
-141.773275 
-434.482972 
-384.081931 
322.951186 
-830.514080 
-277.746103 
-370.354092 
-833.332167 
-966.575452 
-1028.195908 
-613.129922 
-1079.171056 
24.700661 
-956.228150 
35.112247 
-171.899196 
155.158567 
2299.614954 
855.804596 
530.192234 
82.776803 
81.289130 
633.081412 
343.310080 
436.378685 
330.043735 
113.983794 
30.030655 
224.361131 
62.401849 
155.002535 
171.159760 
158.353378 
114.005940 
2100.006668 
-13.399726 
166.901791 
1905.164268 
473.924110 
46.488816 
40.572505 
118.305908 
-46.595218 
-152.481577 
-1.779715 
-139.788243 
-74.603816 
-280.579165 
-161.264889 
-22.081857 
86.741433 
67.264219 
229.090894 
165.622936 
18.521023 
75.090708 
-138.954670 
-191.789014 
-115.796186 
-85.907433 
11.086308 
-288.885186 
-314.654482 
327.490440 
-107.883116 
-80.299965 
-575.346139 
-518.321002 
309.882149 
32.820520 
384.021953 
-202.406873 
-181.825446 
-510.641307 
-0.924515 
-443.475756 
-500.237517 
-387.257685 
-91.116130 
-829.288628 
-297.815595 
-1055.529787 
-1271.548681 
362.365515 
-819.559920 
-920.701248 
376.271045 
575.490898 
1127.112675 
799.734177 
616.379628 
863.865822 
576.005307 
369.477101 
49.583395 
172.179361 
13.340328 
52.806257 
76.059370 
178.726060 
435.699669 
125.294844 
214.133787 
101.396941 
118.499043 
107.557769 
-13.399726 
1565.383024 
59.104091 
935.508231 
1234.140897 
197.281103 
-79.091152 
-14.658158 
193.927259 
53.665179 
21.965362 
170.006015 
-92.225204 
174.887405 
-6.460668 
67.771306 
-216.299102 
-121.289116 
-73.029398 
388.948180 
8.692787 
-229.645084 
313.333497 
616.292162 
35.100254 
624.705122 
227.373541 
585.598861 
300.903918 
-229.650836 
247.063788 
-132.947233 
264.326656 
86.922299 
185.427527 
-622.293119 
245.536485 
-1245.566415 
-172.698997 
-843.889997 
-768.041384 
-553.448686 
-1176.197339 
-707.774273 
-1094.042284 
-399.338862 
-460.578306 
-1313.294205 
-1111.481584 
142.807985 
-162.018545 
-759.426840 
-478.885022 
-750.583852 
223.843409 
237.681059 
756.031167 
285.313103 
45.714603 
40.797156 
306.056766 
341.785441 
496.717769 
157.532294 
27.718393 
264.007209 
161.512777 
-1.016061 
64.270312 
113.048004 
136.990898 
169.682520 
166.901791 
59.104091 
2009.791945 
1366.127185 
17642.892116 
-196.617372 
-129.236718 
824.636497 
54.355069 
2701.940425 
-669.463256 
-1488.286108 
1716.172230 
108.663997 
574.087781 
2150.030669 
1656.789444 
1298.924707 
2351.815177 
-1978.471300 
-671.230424 
2844.976291 
-4727.137859 
3310.444256 
5492.446038 
1716.986065 
458.054604 
1857.387521 
2464.881945 
4588.607534 
7932.585666 
-6310.498430 
3472.705959 
2293.260433 
242.895336 
1607.303604 
7252.572107 
-7212.146737 
1632.397833 
-7912.326422 
2571.962807 
-7914.915118 
-12746.695494 
-11675.566734 
-10615.463041 
-3458.599773 
-9691.664139 
-4071.489664 
-10683.925588 
-11716.435982 
-16228.192471 
-17828.324775 
-11751.243661 
-19695.265889 
-11565.211295 
-12930.236873 
-12438.984210 
-6043.649831 
-1227.283705 
-423.041292 
-306.531036 
-303.173735 
75.482221 
2222.079033 
1202.097593 
1256.782252 
1480.046989 
2133.818874 
1913.308718 
1842.202347 
2013.025381 
1547.622994 
1905.164268 
935.508231 
1366.127185 
158035.029570 
