554.309695 
88.790913 
96.578951 
95.563130 
91.005247 
99.616130 
103.444263 
103.048866 
111.470319 
114.626941 
113.153621 
127.214893 
129.145253 
130.862584 
145.870122 
153.572383 
152.671980 
157.434090 
190.509605 
202.719928 
197.636686 
213.607582 
215.818301 
236.866961 
242.378820 
251.769720 
271.194767 
277.191836 
268.392372 
301.824600 
315.010438 
319.935983 
308.006468 
320.576403 
331.411745 
305.554108 
323.654683 
320.904612 
341.604033 
354.099932 
364.851488 
365.816318 
345.776400 
366.425188 
365.684573 
372.851559 
386.204353 
393.012294 
408.104085 
467.272787 
527.128050 
486.477832 
310.693832 
226.660834 
189.353935 
143.791157 
133.200723 
123.854629 
110.620927 
97.418326 
84.538200 
85.772020 
75.171447 
67.639872 
64.169219 
63.791531 
54.088897 
48.858256 
45.825830 
39.564922 
44.830703 
397.536199 
