61589.075087 
3835.028278 
4224.473980 
4392.960911 
4707.613562 
5231.392313 
5434.647866 
6220.816341 
6673.384583 
7474.919810 
7955.706663 
8631.356974 
9487.635167 
10536.251342 
11620.767675 
13012.710440 
14725.704020 
16311.891423 
18588.681678 
21123.806969 
23552.115698 
26985.816680 
29485.844624 
32410.403908 
35824.769097 
38353.563235 
41385.675457 
44249.146530 
47219.681406 
48647.006609 
51826.560189 
53749.203347 
56408.730815 
58646.720732 
61390.241710 
62371.626367 
65152.105694 
68203.622501 
70848.667939 
73723.095237 
76991.306434 
80643.086368 
84512.672521 
88445.625757 
93315.632020 
99704.206592 
108487.872822 
119232.272929 
134213.967247 
156065.468948 
178078.597799 
145372.264962 
68518.166683 
33150.672855 
19604.739933 
13162.799538 
9501.440882 
7026.696416 
5575.156741 
4404.183268 
3661.874986 
3149.785203 
2686.543786 
2297.606225 
2046.971535 
1860.505797 
1608.428511 
1407.787460 
1295.445724 
1154.690396 
997.946907 
19131.159898 
